Year,Mon,Day,Hour,Type,1029A,1030A,1031A,1032A,1033A,1037A,1038A,1041A,1042A,1043A,1044A,1046A,1047A,1048A,1049A,1050A,1051A,1052A,1053A,1055A,1056A,1062A,1064A,1068A,1070A,1071A,1072A,1073A,1074A,1075A,1084A,1094A,1095A,1099A,1100A,1103A,1104A,1105A,1106A,1109A,1110A,1111A,1112A,1114A,1116A,1117A,1118A,1151A,1159A,1165A,1180A,1196A,1200A,1218A,1223A,1226A,1227A,1228A,1229A,1230A,1232A,1233A,1234A,1235A,1236A,1240A,1241A,1242A,1243A,1244A,1246A,1253A,1255A,1256A,1257A,1258A,1286A,1310A,1311A,1312A,1314A,1315A,1349A,1359A,1369A,1372A,1375A,1411A,1418A,1421A,1426A,1429A,1431A,1437A,1443A,1476A,1477A,1478A,1479A,1483A,1488A,1489A,1585A,1589A,1591A,1592A,1595A,1596A,1598A,1599A,1601A,1603A,1608A,1618A,1619A,1620A,1622A,1638A,1639A,1640A,1641A,1643A,1648A,1650A,1655A,1656A,1723A,1726A,1727A,1728A,1730A,1731A,1733A,1735A,1738A,1739A,1744A,1745A,1746A,1748A,1749A,1750A,1751A,1752A,1753A,1754A,1756A,1757A,1760A,1762A,1763A,1764A,1772A,1773A,1775A,1776A,1778A,1784A,1785A,1787A,1815A,1816A,1828A,1839A,1844A,1845A,1859A,1872A,1876A,1879A,1880A,1888A,1897A,1902A,1903A,1904A,1907A,1908A,1910A,1911A,1929A,1939A,1940A,1943A,1944A,1945A,1948A,1949A,1952A,1956A,2064A,2065A,2161A,2162A,2163A,2164A,2166A,2167A,2169A,2171A,2173A,2174A,2175A,2178A,2179A,2181A,2186A,2187A,2188A,2191A,2195A,2196A,2208A,2226A,2227A,2229A,2231A,2232A,2245A,2273A,2274A,2279A,2285A,2303A,2307A,2308A,2309A,2351A,2354A,2355A,2366A,2368A,2369A,2370A,2371A,2373A,2374A,2375A,2376A,2377A,2378A,2379A,2380A,2381A,2382A,2383A,2385A,2386A,2387A,2390A,2420A,2421A,2422A,2423A,2438A,2443A,2446A,2451A,2453A,2454A,2455A,2471A,2474A,2475A,2476A,2484A,2485A,2493A,2494A,2495A,2496A,2502A,2508A,2524A,2525A,2526A,2529A,2535A,2536A,2537A,2540A,2544A,2545A,2547A,2549A,2551A,2552A,2563A,2565A,2572A,2573A,2574A,2575A,2578A,2579A,2585A,2586A,2587A,2588A,2589A,2591A,2643A,2650A,2652A,2655A,2657A,2658A,2659A,2662A,2667A,2671A,2672A,2677A,2678A,2681A,2682A,2684A,2693A,2694A,2695A,2835A,2845A,2862A,2865A,2868A,2872A,2880A,2884A,2900A,2902A,2907A,2915A,2919A,2924A,2929A,2997A,3002A,3003A,3010A,3014A,3015A,3016A,3018A,3028A,3057A,3058A,3064A,3066A,3122A,3123A,3124A,3132A,3133A,3136A
2018,1,1,0,WIN_D_INST,358.0,347.0,320.0,358.0,347.0,91.0,91.0,91.0,92.0,92.0,92.0,92.0,327.0,327.0,327.0,327.0,29.0,29.0,43.0,43.0,29.0,32.0,32.0,11.0,11.0,359.0,359.0,359.0,340.0,340.0,349.0,94.0,94.0,142.0,204.0,204.0,204.0,204.0,204.0,59.0,59.0,59.0,59.0,59.0,59.0,351.0,351.0,120.0,120.0,90.0,145.0,160.0,85.0,115.0,224.0,224.0,224.0,224.0,224.0,224.0,224.0,224.0,40.0,309.0,40.0,309.0,309.0,39.0,39.0,39.0,33.333333333333336,153.0,300.0,300.0,300.0,40.0,73.0,208.0,208.0,208.0,178.0,58.0,28.0,104.0,104.0,28.0,28.0,62.0,136.0,242.0,183.0,183.0,351.0,23.0,187.0,142.0,142.0,142.0,142.0,38.0,354.0,354.0,215.0,215.0,148.0,148.0,148.0,51.0,51.0,51.0,102.0,102.0,338.0,50.0,50.0,61.0,74.0,87.0,88.0,122.0,118.0,256.0,138.0,155.0,174.0,90.0,25.0,25.0,208.0,208.0,208.0,208.0,82.0,82.0,316.0,316.0,79.0,79.0,79.0,0.0,0.0,0.0,0.0,0.0,0.0,0.0,142.0,142.0,142.0,204.0,204.0,204.0,105.0,105.0,105.0,105.0,105.0,113.0,113.0,113.0,298.0,298.0,39.0,301.0,31.0,31.0,56.333333333333336,349.0,154.0,278.0,278.0,116.0,264.0,110.0,221.66666666666663,221.66666666666663,96.0,96.0,96.0,3.0,323.0,135.0,135.0,189.0,189.0,232.0,31.0,259.0,319.0,98.0,261.0,261.0,329.0,329.0,329.0,329.0,11.0,11.0,11.0,117.0,117.0,117.0,71.0,71.0,71.0,25.0,160.0,160.0,160.0,281.0,231.0,231.0,184.0,170.0,170.0,38.0,38.0,38.0,222.0,84.0,121.0,121.0,42.0,121.0,343.0,343.0,343.0,65.0,101.0,101.0,45.0,298.0,298.0,298.0,51.0,51.0,51.0,51.0,81.0,81.0,81.0,81.0,81.0,0.0,0.0,0.0,244.0,338.0,338.0,99.0,210.0,210.0,210.0,79.0,102.0,65.0,102.0,130.0,130.0,9.0,232.0,168.0,212.0,212.0,212.0,248.0,248.0,0.0,0.0,43.0,43.0,340.0,68.0,79.0,79.0,79.0,238.0,270.0,270.0,270.0,289.0,215.0,215.0,215.0,65.0,65.0,65.0,174.0,174.0,149.0,149.0,149.0,149.0,124.0,124.0,42.0,42.0,54.0,54.0,230.0,18.0,31.0,163.0,172.0,152.0,84.0,232.0,232.0,25.0,302.0,245.0,188.0,281.0,281.0,191.0,349.0,210.0,346.0,346.0,17.0,116.0,208.0,347.0,117.0,115.0,153.0,23.0,232.0,142.0,215.0,340.0,340.0,11.0,354.0,102.0,107.0,160.0,160.0,85.0,183.0,136.0,183.0,82.0,264.0,213.0,332.0,131.0,74.0,58.0,58.0,58.0,183.0,242.0,23.0
2018,1,1,3,WIN_D_INST,0.0,355.0,295.0,0.0,355.0,91.0,91.0,91.0,137.0,137.0,137.0,137.0,351.0,351.0,351.0,351.0,51.0,51.0,49.0,49.0,51.0,68.0,68.0,43.0,43.0,56.0,56.0,56.0,30.0,30.0,40.0,88.0,88.0,340.0,346.0,346.0,346.0,346.0,346.0,28.0,28.0,28.0,28.0,28.0,28.0,71.0,71.0,107.0,107.0,127.0,148.0,149.0,122.0,133.0,224.0,224.0,224.0,224.0,224.0,224.0,224.0,224.0,21.0,110.0,21.0,110.0,110.0,24.0,24.0,24.0,47.0,82.0,56.0,56.0,56.0,21.0,50.0,190.0,190.0,190.0,193.0,256.0,354.0,327.0,327.0,354.0,354.0,96.0,181.0,278.0,110.0,110.0,303.0,118.0,157.33333333333334,347.0,347.0,347.0,347.0,85.0,14.0,14.0,139.0,139.0,329.0,329.0,329.0,37.0,37.0,37.0,77.0,77.0,79.0,142.0,142.0,120.0,130.0,174.0,88.0,112.0,92.0,192.0,146.0,183.0,174.0,63.0,177.0,177.0,118.0,118.0,118.0,118.0,329.0,329.0,98.0,98.0,26.0,26.0,26.0,354.0,354.0,354.0,354.0,354.0,354.0,354.0,340.0,340.0,340.0,346.0,346.0,346.0,198.0,198.0,198.0,198.0,198.0,235.0,235.0,235.0,42.0,42.0,183.0,300.0,48.0,48.0,174.0,34.0,50.0,207.0,207.0,286.0,264.0,175.0,79.0,79.0,6.0,6.0,6.0,77.0,0.0,3.0,3.0,306.0,306.0,308.0,166.0,219.0,307.0,70.0,74.0,74.0,287.0,287.0,287.0,287.0,167.0,167.0,167.0,285.0,285.0,285.0,224.0,224.0,224.0,194.0,219.0,219.0,219.0,306.0,276.0,276.0,258.0,244.0,244.0,3.0,3.0,3.0,259.0,141.0,149.0,149.0,23.0,110.0,301.0,301.0,301.0,76.0,162.0,162.0,124.0,287.0,287.0,287.0,34.0,34.0,34.0,34.0,152.0,152.0,152.0,152.0,152.0,354.0,354.0,354.0,6.0,338.0,338.0,119.0,99.0,99.0,99.0,122.0,113.0,116.0,113.0,156.0,156.0,31.0,252.0,166.0,315.0,315.0,315.0,305.0,305.0,157.0,157.0,340.0,340.0,0.0,68.0,108.0,108.0,108.0,162.0,262.0,262.0,262.0,119.0,204.0,204.0,204.0,23.0,23.0,23.0,70.0,70.0,188.0,188.0,188.0,188.0,98.0,98.0,263.0,263.0,65.0,65.0,152.0,359.0,57.0,106.0,57.0,156.0,98.0,308.0,308.0,15.0,293.0,206.0,79.0,312.0,312.0,321.0,266.0,113.0,204.0,204.0,51.0,286.0,118.0,355.0,285.0,155.0,82.0,118.0,308.0,340.0,204.0,345.0,273.0,43.0,14.0,113.0,128.0,149.0,149.0,122.0,110.0,181.0,110.0,329.0,264.0,214.0,163.0,124.0,130.0,89.0,89.0,89.0,249.0,278.0,118.0
2018,1,1,6,WIN_D_INST,17.0,348.0,67.0,17.0,348.0,113.0,113.0,113.0,149.0,149.0,149.0,149.0,22.0,22.0,22.0,22.0,40.0,40.0,64.0,64.0,40.0,167.0,167.0,54.0,54.0,61.0,61.0,61.0,68.0,68.0,269.0,289.0,289.0,244.0,14.0,14.0,14.0,14.0,14.0,37.0,37.0,37.0,37.0,37.0,37.0,9.0,9.0,133.0,133.0,124.0,113.0,122.0,110.0,128.0,68.0,68.0,68.0,68.0,68.0,68.0,68.0,68.0,214.0,124.0,214.0,124.0,124.0,165.0,165.0,165.0,79.0,105.0,100.0,100.0,100.0,214.0,48.0,179.0,179.0,179.0,190.0,193.0,319.0,45.0,45.0,319.0,319.0,77.0,57.0,6.0,90.0,90.0,145.0,87.0,195.0,326.0,326.0,326.0,326.0,67.0,283.0,283.0,281.0,281.0,10.0,10.0,10.0,14.0,14.0,14.0,181.0,181.0,62.0,158.0,158.0,143.0,204.0,160.0,88.0,93.0,138.0,28.0,211.0,188.0,183.0,109.0,149.0,149.0,219.0,219.0,219.0,219.0,204.0,204.0,108.0,108.0,125.0,125.0,125.0,79.0,79.0,79.0,79.0,79.0,79.0,79.0,244.0,244.0,244.0,14.0,14.0,14.0,170.0,170.0,170.0,170.0,170.0,255.0,255.0,255.0,42.0,42.0,115.0,120.0,43.0,43.0,163.0,31.0,69.0,54.0,54.0,283.0,250.0,138.0,87.0,87.0,204.0,204.0,204.0,117.0,42.0,332.0,332.0,15.0,15.0,86.0,211.0,101.0,80.0,110.0,45.0,45.0,155.0,155.0,155.0,155.0,116.0,116.0,116.0,195.0,195.0,195.0,159.0,159.0,159.0,20.0,208.0,208.0,208.0,249.0,222.0,222.0,272.0,272.0,272.0,232.0,232.0,232.0,256.0,127.0,113.0,113.0,340.0,87.0,191.0,191.0,191.0,59.0,108.0,108.0,183.0,38.0,38.0,38.0,79.0,79.0,79.0,79.0,27.0,27.0,27.0,27.0,27.0,357.0,357.0,357.0,54.0,23.0,23.0,74.0,159.0,159.0,159.0,147.0,150.0,145.0,150.0,119.0,119.0,96.0,227.0,115.0,205.0,205.0,205.0,186.0,186.0,174.0,174.0,145.0,145.0,116.0,343.0,91.0,91.0,91.0,45.0,73.0,73.0,73.0,196.0,122.0,122.0,122.0,79.0,79.0,79.0,132.0,132.0,141.0,141.0,141.0,141.0,126.0,126.0,131.0,131.0,130.0,130.0,160.0,15.0,71.0,99.0,65.0,12.0,135.0,86.0,86.0,351.0,8.0,128.0,7.0,54.0,54.0,56.0,0.0,77.0,258.0,258.0,71.0,283.0,219.0,348.0,195.0,290.0,105.0,87.0,86.0,244.0,122.0,73.0,124.0,54.0,283.0,150.0,127.0,122.0,122.0,110.0,90.0,57.0,90.0,204.0,250.0,55.0,48.0,175.0,204.0,123.0,123.0,123.0,160.0,6.0,87.0
2018,1,1,9,WIN_D_INST,47.0,65.0,71.0,47.0,65.0,96.0,96.0,96.0,128.0,128.0,128.0,128.0,30.0,30.0,30.0,30.0,51.0,51.0,78.0,78.0,51.0,183.0,183.0,61.0,61.0,83.0,83.0,83.0,35.0,35.0,210.0,329.0,329.0,283.0,68.0,68.0,68.0,68.0,68.0,37.0,37.0,37.0,37.0,37.0,37.0,340.0,340.0,120.0,120.0,112.0,83.0,85.0,104.0,98.0,111.0,111.0,111.0,111.0,111.0,111.0,111.0,111.0,67.0,147.0,67.0,147.0,147.0,176.0,176.0,176.0,75.0,96.0,115.0,115.0,115.0,67.0,70.0,194.0,194.0,194.0,163.0,184.0,127.0,11.0,11.0,127.0,127.0,74.0,91.0,76.0,17.0,17.0,349.0,217.0,135.0,272.0,272.0,272.0,272.0,75.0,323.0,323.0,255.0,255.0,338.0,338.0,338.0,56.0,56.0,56.0,303.0,303.0,62.0,112.0,112.0,73.0,68.0,121.0,43.0,112.0,115.0,28.0,158.0,150.0,113.0,51.0,250.0,250.0,31.0,31.0,31.0,31.0,164.0,164.0,87.0,87.0,54.0,54.0,54.0,334.0,334.0,334.0,334.0,334.0,334.0,334.0,283.0,283.0,283.0,68.0,68.0,68.0,213.0,213.0,213.0,213.0,213.0,150.0,150.0,150.0,48.0,48.0,76.0,136.0,105.0,105.0,203.0,53.0,80.0,142.0,142.0,88.0,90.0,124.0,51.0,51.0,57.0,57.0,57.0,95.0,45.0,0.0,0.0,48.0,48.0,71.0,96.0,48.0,85.0,110.0,3.0,3.0,210.0,210.0,210.0,210.0,170.0,170.0,170.0,306.0,306.0,306.0,176.0,176.0,176.0,113.0,298.0,298.0,298.0,249.0,301.0,301.0,315.0,258.0,258.0,296.0,296.0,296.0,264.0,121.0,93.0,93.0,23.0,84.0,129.0,129.0,129.0,101.0,67.0,67.0,155.0,13.0,13.0,13.0,43.0,43.0,43.0,43.0,354.0,354.0,354.0,354.0,354.0,23.0,23.0,23.0,51.0,31.0,31.0,74.0,295.0,295.0,295.0,159.0,156.0,306.0,156.0,138.0,138.0,31.0,113.0,120.0,352.0,352.0,352.0,173.0,173.0,163.0,163.0,77.0,77.0,122.0,290.0,357.0,357.0,357.0,85.0,115.0,115.0,115.0,298.0,40.0,40.0,40.0,207.0,207.0,207.0,8.0,8.0,146.0,146.0,146.0,146.0,112.0,112.0,120.0,120.0,60.0,60.0,151.0,30.0,102.0,107.0,46.0,3.0,115.0,71.0,71.0,354.0,295.0,218.0,329.0,51.0,51.0,93.0,6.0,119.0,301.0,301.0,48.0,88.0,31.0,65.0,306.0,239.0,96.0,217.0,71.0,283.0,40.0,91.0,205.0,61.0,323.0,156.0,97.0,85.0,85.0,104.0,17.0,91.0,17.0,164.0,90.0,96.0,45.0,158.0,68.0,117.0,117.0,117.0,107.0,76.0,217.0
2018,1,1,12,WIN_D_INST,9.0,4.0,76.0,9.0,4.0,88.0,88.0,88.0,123.0,123.0,123.0,123.0,332.0,332.0,332.0,332.0,49.0,49.0,49.0,49.0,49.0,111.0,111.0,72.0,72.0,78.0,78.0,78.0,356.0,356.0,68.0,40.0,40.0,0.0,264.0,264.0,264.0,264.0,264.0,56.0,56.0,56.0,56.0,56.0,56.0,3.0,3.0,92.0,92.0,81.0,114.0,90.0,115.0,99.0,85.0,85.0,85.0,85.0,85.0,85.0,85.0,85.0,356.0,217.0,356.0,217.0,217.0,281.0,281.0,281.0,58.0,85.0,263.0,263.0,263.0,356.0,86.0,187.0,187.0,187.0,169.0,203.0,178.0,96.0,96.0,178.0,178.0,68.0,71.0,79.0,14.0,14.0,323.0,177.0,140.0,129.0,129.0,129.0,129.0,108.0,11.0,11.0,317.0,317.0,41.0,41.0,41.0,113.0,113.0,113.0,0.0,0.0,273.0,87.0,87.0,19.0,79.0,107.0,88.0,88.0,98.0,207.0,132.0,135.0,124.0,328.0,8.0,8.0,25.0,25.0,25.0,25.0,247.66666666666663,247.66666666666663,62.0,62.0,343.0,343.0,343.0,167.0,167.0,167.0,167.0,167.0,167.0,167.0,0.0,0.0,0.0,264.0,264.0,264.0,218.0,218.0,218.0,218.0,218.0,122.0,122.0,122.0,34.0,34.0,79.0,116.0,91.0,91.0,242.0,0.0,55.0,26.0,26.0,300.0,113.0,276.3333333333333,68.0,68.0,0.0,0.0,0.0,66.0,329.0,186.0,186.0,157.0,157.0,79.0,343.0,14.0,79.0,51.0,272.0,272.0,107.0,107.0,107.0,107.0,11.0,11.0,11.0,26.0,26.0,26.0,68.0,68.0,68.0,214.0,39.0,39.0,39.0,238.0,290.0,290.0,11.0,295.0,295.0,227.0,227.0,227.0,312.0,84.0,93.0,93.0,0.0,76.0,290.0,290.0,290.0,42.0,61.0,61.0,177.0,344.0,344.0,344.0,68.0,68.0,68.0,68.0,347.0,347.0,347.0,347.0,347.0,3.0,3.0,3.0,3.0,354.0,354.0,79.0,235.0,235.0,235.0,230.0,133.0,85.0,133.0,147.0,147.0,43.0,82.0,113.0,34.0,34.0,34.0,61.0,61.0,0.0,0.0,54.0,54.0,130.0,197.0,298.0,298.0,298.0,357.0,256.0,256.0,256.0,141.66666666666666,54.0,54.0,54.0,65.0,65.0,65.0,82.0,82.0,141.0,141.0,141.0,141.0,127.0,127.0,82.0,82.0,88.0,88.0,116.0,8.0,108.0,171.0,144.0,349.0,298.0,79.0,79.0,202.0,49.0,178.0,212.0,48.0,48.0,121.0,332.0,261.0,292.0,292.0,88.0,300.0,25.0,4.0,26.0,259.0,85.0,177.0,79.0,0.0,54.0,113.0,357.0,72.0,11.0,133.0,94.0,90.0,90.0,115.0,14.0,71.0,14.0,247.66666666666663,113.0,210.0,340.0,128.0,79.0,123.0,123.0,123.0,159.33333333333334,79.0,177.0
2018,1,1,15,WIN_D_INST,341.0,11.0,306.0,341.0,11.0,94.0,94.0,94.0,113.0,113.0,113.0,113.0,338.0,338.0,338.0,338.0,44.0,44.0,55.0,55.0,44.0,66.0,66.0,77.0,77.0,337.0,337.0,337.0,4.0,4.0,116.0,88.0,88.0,332.0,283.0,283.0,283.0,283.0,283.0,56.0,56.0,56.0,56.0,56.0,56.0,351.0,351.0,129.0,129.0,91.0,99.0,90.0,102.0,94.0,111.0,111.0,111.0,111.0,111.0,111.0,111.0,111.0,43.0,256.0,43.0,256.0,256.0,326.0,326.0,326.0,70.0,99.0,299.0,299.0,299.0,43.0,52.0,193.0,193.0,193.0,178.0,171.0,92.0,101.0,101.0,92.0,92.0,52.0,337.0,51.0,349.0,349.0,303.0,272.6666666666667,128.0,73.0,73.0,73.0,73.0,163.0,31.0,31.0,283.0,283.0,41.0,41.0,41.0,37.0,37.0,37.0,349.0,349.0,20.0,50.0,50.0,27.0,300.0,138.0,113.0,11.0,114.0,4.0,160.0,125.0,107.0,98.0,48.0,48.0,23.0,23.0,23.0,23.0,315.0,315.0,349.0,349.0,312.0,312.0,312.0,275.0,275.0,275.0,275.0,275.0,275.0,275.0,332.0,332.0,332.0,283.0,283.0,283.0,230.0,230.0,230.0,230.0,230.0,102.0,102.0,102.0,34.0,34.0,93.0,319.0,43.0,43.0,140.33333333333334,346.0,51.0,351.0,351.0,102.0,37.0,59.0,104.0,104.0,14.0,14.0,14.0,13.0,354.0,188.0,188.0,163.0,163.0,57.0,332.0,20.0,83.0,113.0,295.0,295.0,177.0,177.0,177.0,177.0,31.0,31.0,31.0,60.0,60.0,60.0,65.0,65.0,65.0,253.0,37.0,37.0,37.0,298.0,34.0,34.0,300.0,264.0,264.0,239.0,239.0,239.0,231.0,93.0,56.0,56.0,293.0,93.0,104.0,104.0,104.0,79.0,59.0,59.0,346.0,7.0,7.0,7.0,79.0,79.0,79.0,79.0,344.0,344.0,344.0,344.0,344.0,54.0,54.0,54.0,264.0,349.0,349.0,108.0,286.0,286.0,286.0,264.0,116.0,326.0,116.0,295.0,295.0,3.0,102.0,335.0,356.0,356.0,356.0,33.0,33.0,0.0,0.0,9.0,9.0,77.0,301.0,172.0,172.0,172.0,6.0,273.0,273.0,273.0,74.0,346.0,346.0,346.0,54.0,54.0,54.0,45.0,45.0,141.0,141.0,141.0,141.0,110.0,110.0,187.0,187.0,0.0,0.0,267.0,351.0,96.0,231.0,188.0,322.0,287.0,57.0,57.0,23.0,324.0,335.0,176.0,323.0,323.0,188.0,264.0,298.0,312.0,312.0,79.0,102.0,23.0,11.0,60.0,259.0,99.0,272.6666666666667,57.0,332.0,346.0,91.0,163.0,77.0,31.0,116.0,100.0,90.0,90.0,102.0,349.0,337.0,349.0,315.0,37.0,137.0,318.0,106.0,300.0,110.66666666666669,110.66666666666669,110.66666666666669,186.0,51.0,272.6666666666667
2018,1,1,18,WIN_D_INST,348.0,350.0,295.0,348.0,350.0,94.0,94.0,94.0,12.0,12.0,12.0,12.0,335.0,335.0,335.0,335.0,44.0,44.0,51.0,51.0,44.0,34.0,34.0,78.0,78.0,353.0,353.0,353.0,33.0,33.0,45.0,130.0,130.0,261.0,96.0,96.0,96.0,96.0,96.0,65.0,65.0,65.0,65.0,65.0,65.0,346.0,346.0,136.0,136.0,131.0,92.0,108.0,103.0,100.0,320.0,320.0,320.0,320.0,320.0,320.0,320.0,320.0,67.0,283.0,67.0,283.0,283.0,324.0,324.0,324.0,58.0,106.0,316.0,316.0,316.0,67.0,272.0,204.0,204.0,204.0,205.0,35.0,120.0,92.0,92.0,120.0,120.0,74.0,346.0,68.0,354.0,354.0,309.0,301.0,161.0,9.0,9.0,9.0,9.0,282.0,125.0,125.0,3.0,3.0,348.0,348.0,348.0,70.0,70.0,70.0,9.0,9.0,96.0,72.0,72.0,80.0,317.0,56.0,0.0,30.0,91.0,21.0,110.0,213.0,34.0,97.0,267.0,267.0,56.0,56.0,56.0,56.0,351.0,351.0,13.0,13.0,315.0,315.0,315.0,85.0,85.0,85.0,85.0,85.0,85.0,85.0,261.0,261.0,261.0,96.0,96.0,96.0,179.0,179.0,179.0,179.0,179.0,230.0,230.0,230.0,51.0,51.0,338.0,275.0,34.0,34.0,49.66666666666666,68.0,89.0,316.6666666666667,316.6666666666667,298.0,143.0,340.0,14.0,14.0,45.0,45.0,45.0,331.0,323.0,227.66666666666663,227.66666666666663,341.0,341.0,117.0,59.0,332.0,123.0,34.0,281.0,281.0,330.0,330.0,330.0,330.0,323.0,323.0,323.0,62.0,62.0,62.0,68.0,68.0,68.0,163.0,132.0,132.0,132.0,272.0,68.0,68.0,221.0,238.0,238.0,226.0,226.0,226.0,250.0,98.0,48.0,48.0,253.0,73.0,278.0,278.0,278.0,98.0,74.0,74.0,31.0,129.33333333333334,129.33333333333334,129.33333333333334,71.0,71.0,71.0,71.0,208.3333333333333,208.3333333333333,208.3333333333333,208.3333333333333,208.3333333333333,23.0,23.0,23.0,255.0,349.0,349.0,88.0,329.0,329.0,329.0,11.0,133.0,150.0,133.0,241.0,241.0,48.0,65.0,226.66666666666663,302.0,302.0,302.0,297.0,297.0,166.0,166.0,48.0,48.0,354.0,137.0,204.0,204.0,204.0,23.0,110.0,110.0,110.0,181.3333333333333,240.0,240.0,240.0,332.0,332.0,332.0,338.0,338.0,138.0,138.0,138.0,138.0,169.0,169.0,313.0,313.0,0.0,0.0,273.0,347.0,173.0,233.0,87.0,221.0,295.0,117.0,117.0,77.0,273.0,310.3333333333333,149.0,258.0,258.0,208.0,315.0,329.0,252.0,252.0,68.0,298.0,56.0,350.0,62.0,245.0,106.0,301.0,117.0,261.0,240.0,172.0,31.0,78.0,125.0,133.0,77.0,108.0,108.0,103.0,354.0,346.0,354.0,351.0,143.0,182.0,267.0,119.0,317.0,75.0,75.0,75.0,135.0,68.0,301.0
2018,1,1,21,WIN_D_INST,5.0,355.0,324.0,5.0,355.0,85.0,85.0,85.0,349.0,349.0,349.0,349.0,332.0,332.0,332.0,332.0,24.0,24.0,48.0,48.0,24.0,10.0,10.0,7.0,7.0,19.0,19.0,19.0,23.0,23.0,43.0,77.0,77.0,156.0,198.0,198.0,198.0,198.0,198.0,59.0,59.0,59.0,59.0,59.0,59.0,0.0,0.0,147.0,147.0,83.0,70.0,127.0,117.0,89.0,184.0,184.0,184.0,184.0,184.0,184.0,184.0,184.0,78.0,264.6666666666667,78.0,264.6666666666667,264.6666666666667,21.0,21.0,21.0,95.33333333333331,98.0,291.0,291.0,291.0,78.0,261.0,208.0,208.0,208.0,213.0,35.0,55.0,64.0,64.0,55.0,55.0,61.0,326.0,82.0,84.0,84.0,354.0,120.0,2.0,49.0,49.0,49.0,49.0,238.0,317.0,317.0,343.0,343.0,8.0,8.0,8.0,70.0,70.0,70.0,334.0,334.0,59.0,33.0,33.0,40.0,108.0,98.0,153.0,55.0,87.0,13.0,278.0,200.0,31.0,81.0,59.0,59.0,34.0,34.0,34.0,34.0,332.0,332.0,202.0,202.0,252.0,252.0,252.0,130.0,130.0,130.0,130.0,130.0,130.0,130.0,156.0,156.0,156.0,198.0,198.0,198.0,184.0,184.0,184.0,184.0,184.0,221.0,221.0,221.0,37.0,37.0,245.0,48.0,28.0,28.0,151.33333333333334,34.0,178.0,304.3333333333333,304.3333333333333,295.0,225.0,20.0,338.0,338.0,0.0,0.0,0.0,4.0,352.0,340.0,340.0,149.0,149.0,117.0,53.0,127.0,75.0,301.0,312.0,312.0,326.0,326.0,326.0,326.0,334.0,334.0,334.0,81.0,81.0,81.0,77.0,77.0,77.0,321.0,158.0,158.0,158.0,264.0,70.0,70.0,224.0,244.0,244.0,201.0,201.0,201.0,242.0,82.0,48.0,48.0,228.0,79.0,346.0,346.0,346.0,79.0,64.0,64.0,0.0,90.66666666666669,90.66666666666669,90.66666666666669,71.0,71.0,71.0,71.0,170.0,170.0,170.0,170.0,170.0,20.0,20.0,20.0,309.0,357.0,357.0,88.0,317.0,317.0,317.0,91.0,119.0,40.0,119.0,273.0,273.0,334.0,37.0,43.0,48.0,48.0,48.0,31.0,31.0,150.0,150.0,57.0,57.0,351.0,93.0,153.0,153.0,153.0,11.0,73.0,73.0,73.0,261.0,230.0,230.0,230.0,227.0,227.0,227.0,14.0,14.0,152.0,152.0,152.0,152.0,168.0,168.0,255.0,255.0,51.0,51.0,299.0,7.0,196.0,246.0,190.0,178.0,281.0,117.0,117.0,18.0,303.0,250.66666666666663,328.0,3.0,3.0,194.0,300.0,292.0,222.0,222.0,34.0,295.0,34.0,355.0,81.0,231.0,98.0,120.0,117.0,156.0,230.0,82.0,326.0,7.0,317.0,119.0,95.0,127.0,127.0,117.0,84.0,326.0,84.0,332.0,225.0,263.0,293.0,157.0,108.0,73.0,73.0,73.0,19.0,82.0,120.0
2018,1,2,0,WIN_D_INST,346.0,339.0,304.0,346.0,339.0,122.0,122.0,122.0,247.0,247.0,247.0,247.0,354.0,354.0,354.0,354.0,40.0,40.0,76.0,76.0,40.0,287.0,287.0,54.0,54.0,35.0,35.0,35.0,35.0,35.0,349.0,37.0,37.0,252.0,176.0,176.0,176.0,176.0,176.0,45.0,45.0,45.0,45.0,45.0,45.0,340.0,340.0,125.0,125.0,111.0,79.0,119.0,115.0,79.0,224.0,224.0,224.0,224.0,224.0,224.0,224.0,224.0,88.0,255.0,88.0,255.0,255.0,27.0,27.0,27.0,158.0,140.0,290.0,290.0,290.0,88.0,83.0,319.0,319.0,319.0,283.0,52.0,112.0,78.0,78.0,112.0,112.0,52.0,309.0,118.0,70.0,70.0,323.0,51.0,108.33333333333331,20.0,20.0,20.0,20.0,86.0,23.0,23.0,343.0,343.0,68.0,68.0,68.0,73.0,73.0,73.0,349.0,349.0,307.0,9.0,9.0,51.0,111.0,87.0,312.0,49.0,72.0,45.0,326.0,337.0,25.0,89.0,338.0,338.0,28.0,28.0,28.0,28.0,332.0,332.0,354.0,354.0,198.0,198.0,198.0,198.0,198.0,198.0,198.0,198.0,198.0,198.0,252.0,252.0,252.0,176.0,176.0,176.0,198.0,198.0,198.0,198.0,198.0,235.0,235.0,235.0,51.0,51.0,245.0,150.66666666666666,6.0,6.0,188.66666666666663,17.0,61.0,247.0,247.0,113.0,129.0,25.0,335.0,335.0,14.0,14.0,14.0,47.0,20.0,326.0,326.0,185.0,185.0,86.0,115.0,267.0,95.66666666666669,270.0,0.0,0.0,338.0,338.0,338.0,338.0,323.0,323.0,323.0,94.0,94.0,94.0,119.0,119.0,119.0,68.0,101.0,101.0,101.0,272.0,65.0,65.0,230.0,196.0,196.0,227.0,227.0,227.0,242.0,68.0,37.0,37.0,225.0,8.0,329.0,329.0,329.0,39.0,59.0,59.0,357.0,182.0,182.0,182.0,48.0,48.0,48.0,48.0,102.33333333333331,102.33333333333331,102.33333333333331,102.33333333333331,102.33333333333331,43.0,43.0,43.0,6.0,8.0,8.0,96.0,332.0,332.0,332.0,269.0,62.0,34.0,62.0,283.0,283.0,258.0,68.0,306.0,169.0,169.0,169.0,326.0,326.0,164.0,164.0,62.0,62.0,0.0,79.0,102.0,102.0,102.0,71.0,53.0,53.0,53.0,60.0,323.0,323.0,323.0,51.0,51.0,51.0,25.0,25.0,149.0,149.0,149.0,149.0,136.0,136.0,219.0,219.0,130.0,130.0,209.0,351.0,156.0,203.66666666666663,182.0,143.0,267.0,86.0,86.0,352.0,292.0,208.0,205.0,31.0,31.0,104.0,329.0,286.0,238.0,238.0,26.0,113.0,28.0,339.0,94.0,219.0,140.0,51.0,86.0,252.0,323.0,121.0,332.0,54.0,23.0,62.0,85.0,119.0,119.0,115.0,70.0,309.0,70.0,332.0,129.0,43.0,278.0,165.0,111.0,150.0,150.0,150.0,106.0,118.0,51.0
2018,1,2,3,WIN_D_INST,331.0,18.0,346.0,331.0,18.0,102.0,102.0,102.0,210.0,210.0,210.0,210.0,7.0,7.0,7.0,7.0,23.0,23.0,80.0,80.0,23.0,151.0,151.0,67.0,67.0,57.0,57.0,57.0,357.0,357.0,261.0,23.0,23.0,323.0,241.0,241.0,241.0,241.0,241.0,6.0,6.0,6.0,6.0,6.0,6.0,346.0,346.0,72.0,72.0,124.0,71.0,130.0,131.0,74.0,113.0,113.0,113.0,113.0,113.0,113.0,113.0,113.0,110.0,159.0,110.0,159.0,159.0,4.0,4.0,4.0,26.0,126.0,310.0,310.0,310.0,110.0,81.0,342.0,342.0,342.0,343.0,45.0,31.0,61.0,61.0,31.0,31.0,79.0,340.0,68.0,346.0,346.0,34.0,73.0,348.0,85.0,85.0,85.0,85.0,95.0,323.0,323.0,3.0,3.0,51.0,51.0,51.0,14.0,14.0,14.0,340.0,340.0,62.0,30.0,30.0,51.0,128.0,79.0,85.0,45.0,93.0,34.0,338.0,330.0,346.0,19.0,53.0,53.0,31.0,31.0,31.0,31.0,6.0,6.0,30.0,30.0,295.0,295.0,295.0,298.0,298.0,298.0,298.0,298.0,298.0,298.0,323.0,323.0,323.0,241.0,241.0,241.0,244.0,244.0,244.0,244.0,244.0,264.0,264.0,264.0,53.0,53.0,104.0,136.0,31.0,31.0,167.33333333333334,340.0,58.0,346.0,346.0,300.0,51.0,349.0,70.0,70.0,232.3333333333333,232.3333333333333,232.3333333333333,337.0,335.0,93.66666666666669,93.66666666666669,64.0,64.0,83.0,233.0,208.0,85.0,211.0,346.0,346.0,329.0,329.0,329.0,329.0,116.0,116.0,116.0,18.0,18.0,18.0,320.0,320.0,320.0,79.0,287.0,287.0,287.0,292.0,73.0,73.0,278.0,255.0,255.0,293.0,293.0,293.0,248.0,59.0,51.0,51.0,250.0,34.0,185.66666666666663,185.66666666666663,185.66666666666663,70.0,63.0,63.0,8.0,318.0,318.0,318.0,48.0,48.0,48.0,48.0,110.66666666666669,110.66666666666669,110.66666666666669,110.66666666666669,110.66666666666669,57.0,57.0,57.0,337.0,357.0,357.0,60.0,0.0,0.0,0.0,303.0,351.0,34.0,351.0,0.0,0.0,26.0,77.0,352.0,193.0,193.0,193.0,65.0,65.0,0.0,0.0,74.0,74.0,77.0,115.0,85.0,85.0,85.0,9.0,118.0,118.0,118.0,346.0,134.33333333333334,134.33333333333334,134.33333333333334,14.0,14.0,14.0,79.0,79.0,225.0,225.0,225.0,225.0,88.0,88.0,280.0,280.0,91.0,91.0,322.0,64.0,102.0,2.0,229.0,329.0,287.0,83.0,83.0,14.0,299.0,161.0,328.0,20.0,20.0,42.0,14.0,0.0,234.0,234.0,340.0,300.0,31.0,18.0,18.0,250.0,126.0,73.0,83.0,323.0,134.33333333333334,129.0,8.0,67.0,323.0,351.0,82.0,130.0,130.0,131.0,346.0,340.0,346.0,6.0,51.0,78.0,231.0,70.0,128.0,190.0,190.0,190.0,33.0,68.0,73.0
2018,1,2,6,WIN_D_INST,10.0,329.0,24.0,10.0,329.0,340.0,340.0,340.0,263.0,263.0,263.0,263.0,8.0,8.0,8.0,8.0,64.0,64.0,87.0,87.0,64.0,356.0,356.0,357.0,357.0,42.0,42.0,42.0,58.0,58.0,0.0,332.0,332.0,298.0,272.0,272.0,272.0,272.0,272.0,28.0,28.0,28.0,28.0,28.0,28.0,326.0,326.0,38.0,38.0,109.0,71.0,126.0,122.0,63.0,116.0,116.0,116.0,116.0,116.0,116.0,116.0,116.0,110.0,149.0,110.0,149.0,149.0,77.0,77.0,77.0,159.0,96.0,287.0,287.0,287.0,110.0,48.0,314.0,314.0,314.0,348.0,27.0,97.0,70.0,70.0,97.0,97.0,63.0,62.0,65.0,340.0,340.0,51.0,6.0,230.0,283.0,283.0,283.0,283.0,133.0,323.0,323.0,196.0,196.0,67.0,67.0,67.0,3.0,3.0,3.0,37.0,37.0,315.0,31.0,31.0,54.0,65.0,56.0,82.0,54.0,1.0,22.0,14.0,351.0,349.0,66.0,208.0,208.0,34.0,34.0,34.0,34.0,130.0,130.0,121.0,121.0,306.0,306.0,306.0,340.0,340.0,340.0,340.0,340.0,340.0,340.0,298.0,298.0,298.0,272.0,272.0,272.0,247.0,247.0,247.0,247.0,247.0,283.0,283.0,283.0,76.0,76.0,101.0,183.0,20.0,20.0,124.66666666666669,309.0,75.0,54.0,54.0,57.0,290.0,42.0,340.0,340.0,82.0,82.0,82.0,76.0,335.0,332.0,332.0,78.0,78.0,86.0,217.0,276.0,233.0,338.0,3.0,3.0,350.0,350.0,350.0,350.0,116.0,116.0,116.0,45.0,45.0,45.0,179.0,179.0,179.0,354.0,23.0,23.0,23.0,309.0,59.0,59.0,312.0,329.0,329.0,247.0,247.0,247.0,239.0,101.0,59.0,59.0,335.0,0.0,267.0,267.0,267.0,42.0,99.0,99.0,149.0,41.0,41.0,41.0,60.0,60.0,60.0,60.0,357.0,357.0,357.0,357.0,357.0,354.0,354.0,354.0,11.0,0.0,0.0,60.0,349.0,349.0,349.0,34.0,332.0,312.0,332.0,17.0,17.0,23.0,85.0,2.0,151.0,151.0,151.0,30.0,30.0,187.0,187.0,102.0,102.0,119.0,110.0,255.0,255.0,255.0,215.0,307.0,307.0,307.0,31.0,79.66666666666667,79.66666666666667,79.66666666666667,23.0,23.0,23.0,110.0,110.0,121.0,121.0,121.0,121.0,104.0,104.0,120.0,120.0,26.0,26.0,123.0,24.0,142.0,111.0,42.0,24.0,25.0,86.0,86.0,289.0,73.0,135.0,348.0,9.0,9.0,79.0,105.0,71.0,134.0,134.0,20.0,57.0,34.0,329.0,45.0,248.0,96.0,6.0,86.0,298.0,79.66666666666667,46.0,146.0,357.0,323.0,332.0,93.0,126.0,126.0,122.0,340.0,62.0,340.0,130.0,290.0,53.0,329.0,17.0,65.0,181.0,181.0,181.0,6.0,65.0,6.0
2018,1,2,9,WIN_D_INST,25.0,115.0,70.0,25.0,115.0,266.0,266.0,266.0,105.0,105.0,105.0,105.0,1.0,1.0,1.0,1.0,61.0,61.0,120.0,120.0,61.0,347.0,347.0,210.66666666666663,210.66666666666663,75.0,75.0,75.0,59.0,59.0,6.0,9.0,9.0,187.0,343.0,343.0,343.0,343.0,343.0,45.0,45.0,45.0,45.0,45.0,45.0,343.0,343.0,37.0,37.0,83.0,60.0,88.0,52.0,70.0,45.0,45.0,45.0,45.0,45.0,45.0,45.0,45.0,98.0,180.0,98.0,180.0,180.0,5.0,5.0,5.0,311.0,98.0,146.33333333333334,146.33333333333334,146.33333333333334,98.0,66.0,33.0,33.0,33.0,45.0,42.0,91.0,2.0,2.0,91.0,91.0,55.0,79.0,53.0,42.0,42.0,11.0,346.0,152.0,79.0,79.0,79.0,79.0,88.0,31.0,31.0,3.0,3.0,54.0,54.0,54.0,42.0,42.0,42.0,0.0,0.0,346.0,35.0,35.0,58.0,65.0,45.0,17.0,56.0,54.0,14.0,56.0,8.0,3.0,84.0,56.0,56.0,31.0,31.0,31.0,31.0,48.0,48.0,92.0,92.0,329.0,329.0,329.0,34.0,34.0,34.0,34.0,34.0,34.0,34.0,187.0,187.0,187.0,343.0,343.0,343.0,201.0,201.0,201.0,201.0,201.0,300.0,300.0,300.0,48.0,48.0,59.0,342.0,26.0,26.0,266.6666666666667,31.0,90.0,51.0,51.0,221.0,98.0,101.0,53.0,53.0,79.0,79.0,79.0,95.0,0.0,124.0,124.0,90.0,90.0,69.0,70.0,104.0,57.0,321.0,9.0,9.0,339.0,339.0,339.0,339.0,196.0,196.0,196.0,47.0,47.0,47.0,193.0,193.0,193.0,293.0,53.0,53.0,53.0,269.0,56.0,56.0,312.0,264.0,264.0,316.0,316.0,316.0,250.0,68.0,53.0,53.0,329.0,8.0,113.0,113.0,113.0,84.0,67.0,67.0,121.0,83.0,83.0,83.0,45.0,45.0,45.0,45.0,18.0,18.0,18.0,18.0,18.0,17.0,17.0,17.0,6.0,354.0,354.0,40.0,9.0,9.0,9.0,247.0,181.0,0.0,181.0,20.0,20.0,23.0,77.0,352.0,191.0,191.0,191.0,50.0,50.0,323.0,323.0,57.0,57.0,113.0,79.0,9.0,9.0,9.0,57.0,273.0,273.0,273.0,128.33333333333334,91.0,91.0,91.0,116.0,116.0,116.0,70.0,70.0,155.0,155.0,155.0,155.0,80.0,80.0,133.0,133.0,357.0,357.0,94.0,323.0,88.0,83.0,39.0,291.0,82.0,69.0,69.0,148.0,72.0,134.0,353.0,28.0,28.0,90.0,133.0,62.0,213.0,213.0,79.0,221.0,31.0,115.0,47.0,239.0,98.0,346.0,69.0,187.0,91.0,7.0,51.0,210.66666666666663,31.0,181.0,75.0,88.0,88.0,52.0,42.0,79.0,42.0,48.0,98.0,29.0,17.0,38.0,65.0,166.0,166.0,166.0,51.0,53.0,346.0
2018,1,2,12,WIN_D_INST,70.0,40.0,275.0,70.0,40.0,275.0,275.0,275.0,75.33333333333333,75.33333333333333,75.33333333333333,75.33333333333333,347.0,347.0,347.0,347.0,230.0,230.0,266.0,266.0,230.0,327.0,327.0,262.0,262.0,202.0,202.0,202.0,359.0,359.0,40.0,111.0,111.0,162.0,190.0,190.0,190.0,190.0,190.0,65.0,65.0,65.0,65.0,65.0,65.0,349.0,349.0,58.0,58.0,14.0,40.0,44.0,34.0,52.0,295.0,295.0,295.0,295.0,295.0,295.0,295.0,295.0,97.0,143.0,97.0,143.0,143.0,316.0,316.0,316.0,302.0,57.0,320.0,320.0,320.0,97.0,22.0,23.0,23.0,23.0,20.0,30.0,301.0,152.0,152.0,301.0,301.0,55.0,20.0,127.0,14.0,14.0,51.0,42.0,47.0,52.0,52.0,52.0,52.0,93.33333333333331,14.0,14.0,20.0,20.0,69.0,69.0,69.0,82.0,82.0,82.0,6.0,6.0,20.0,34.0,34.0,53.0,96.0,84.0,11.0,51.0,95.0,359.0,17.0,338.0,23.0,77.0,82.0,82.0,45.0,45.0,45.0,45.0,20.0,20.0,39.0,39.0,312.0,312.0,312.0,142.0,142.0,142.0,142.0,142.0,142.0,142.0,162.0,162.0,162.0,190.0,190.0,190.0,258.0,258.0,258.0,258.0,258.0,215.0,215.0,215.0,42.0,42.0,25.0,140.0,357.0,357.0,176.33333333333334,53.0,70.0,11.0,11.0,79.0,146.0,79.0,34.0,34.0,23.0,23.0,23.0,159.0,37.0,200.0,200.0,155.0,155.0,84.0,87.0,90.0,103.33333333333331,326.0,326.0,326.0,175.0,175.0,175.0,175.0,139.0,139.0,139.0,43.0,43.0,43.0,181.0,181.0,181.0,152.0,17.0,17.0,17.0,292.0,65.0,65.0,227.0,119.0,119.0,342.0,342.0,342.0,239.0,62.0,34.0,34.0,17.0,11.0,118.0,118.0,118.0,51.0,78.0,78.0,64.66666666666667,14.0,14.0,14.0,85.0,85.0,85.0,85.0,355.0,355.0,355.0,355.0,355.0,6.0,6.0,6.0,14.0,335.0,335.0,51.0,9.0,9.0,9.0,300.0,346.0,14.0,346.0,34.0,34.0,57.0,96.0,330.0,334.0,334.0,334.0,289.0,289.0,42.0,42.0,105.0,105.0,60.0,87.0,159.0,159.0,159.0,9.0,284.0,284.0,284.0,94.0,20.0,20.0,20.0,51.0,51.0,51.0,8.0,8.0,118.0,118.0,118.0,118.0,128.0,128.0,126.0,126.0,79.0,79.0,23.0,348.0,96.0,119.0,82.0,293.0,48.0,84.0,84.0,231.0,100.0,302.0,14.0,54.0,54.0,96.0,71.0,82.0,344.0,344.0,164.0,79.0,45.0,40.0,43.0,225.0,57.0,42.0,84.0,162.0,20.0,336.0,68.0,262.0,14.0,346.0,72.0,44.0,44.0,34.0,14.0,20.0,14.0,20.0,146.0,9.0,332.0,17.0,96.0,65.0,65.0,65.0,63.0,127.0,42.0
2018,1,2,15,WIN_D_INST,304.0,22.0,299.0,304.0,22.0,43.0,43.0,43.0,2.0,2.0,2.0,2.0,342.0,342.0,342.0,342.0,304.0,304.0,251.0,251.0,304.0,311.0,311.0,350.0,350.0,291.0,291.0,291.0,5.0,5.0,343.0,102.0,102.0,145.0,173.0,173.0,173.0,173.0,173.0,45.0,45.0,45.0,45.0,45.0,45.0,334.0,334.0,43.0,43.0,63.0,68.0,52.0,33.0,39.0,343.0,343.0,343.0,343.0,343.0,343.0,343.0,343.0,59.0,292.0,59.0,292.0,292.0,323.0,323.0,323.0,286.0,36.0,309.0,309.0,309.0,59.0,247.0,28.0,28.0,28.0,15.0,18.0,264.0,91.0,91.0,264.0,264.0,55.0,343.0,70.0,96.0,96.0,34.0,84.0,342.0,36.0,36.0,36.0,36.0,71.0,17.0,17.0,346.0,346.0,15.0,15.0,15.0,329.0,329.0,329.0,26.0,26.0,39.0,34.0,34.0,57.0,71.0,93.0,43.0,39.0,65.0,8.0,39.0,15.0,11.0,80.0,65.0,65.0,31.0,31.0,31.0,31.0,258.0,258.0,39.0,39.0,292.0,292.0,292.0,201.0,201.0,201.0,201.0,201.0,201.0,201.0,145.0,145.0,145.0,173.0,173.0,173.0,196.0,196.0,196.0,196.0,196.0,204.0,204.0,204.0,45.0,45.0,87.0,165.0,6.0,6.0,139.0,352.0,51.0,312.0,312.0,133.0,34.0,56.0,0.0,0.0,51.0,51.0,51.0,275.0,3.0,129.0,129.0,72.0,72.0,79.0,152.0,70.0,60.0,101.0,357.0,357.0,73.0,73.0,73.0,73.0,309.0,309.0,309.0,35.0,35.0,35.0,156.0,156.0,156.0,152.0,169.0,169.0,169.0,286.0,48.0,48.0,323.0,215.0,215.0,262.0,262.0,262.0,233.0,65.0,42.0,42.0,0.0,352.0,357.0,357.0,357.0,301.0,50.0,50.0,25.0,332.0,332.0,332.0,43.0,43.0,43.0,43.0,346.0,346.0,346.0,346.0,346.0,94.0,94.0,94.0,14.0,323.0,323.0,40.0,3.0,3.0,3.0,272.0,349.0,9.0,349.0,31.0,31.0,40.0,173.0,313.0,339.0,339.0,339.0,24.0,24.0,101.0,101.0,108.0,108.0,187.0,68.0,130.0,130.0,130.0,31.0,48.0,48.0,48.0,252.0,45.0,45.0,45.0,62.0,62.0,62.0,65.0,65.0,143.0,143.0,143.0,143.0,125.0,125.0,117.0,117.0,173.0,173.0,45.0,268.0,91.0,175.0,33.0,142.0,349.0,79.0,79.0,182.0,117.0,142.0,186.3333333333333,14.0,14.0,146.0,94.0,99.0,187.0,187.0,300.0,133.0,31.0,22.0,35.0,225.0,36.0,84.0,79.0,145.0,45.0,325.0,335.0,350.0,17.0,349.0,57.0,52.0,52.0,33.0,96.0,343.0,96.0,258.0,34.0,6.0,149.0,17.0,71.0,56.0,56.0,56.0,45.0,70.0,84.0
2018,1,2,18,WIN_D_INST,238.0,318.0,349.0,238.0,318.0,9.0,9.0,9.0,273.0,273.0,273.0,273.0,340.0,340.0,340.0,340.0,72.0,72.0,75.0,75.0,72.0,287.0,287.0,359.0,359.0,338.0,338.0,338.0,45.0,45.0,337.0,79.0,79.0,150.0,292.0,292.0,292.0,292.0,292.0,28.0,28.0,28.0,28.0,28.0,28.0,357.0,357.0,35.0,35.0,53.0,35.0,55.0,61.0,39.0,3.0,3.0,3.0,3.0,3.0,3.0,3.0,3.0,44.0,314.0,44.0,314.0,314.0,62.0,62.0,62.0,284.0,45.0,305.0,305.0,305.0,44.0,241.0,26.0,26.0,26.0,358.0,10.0,320.0,102.0,102.0,320.0,320.0,48.0,17.0,17.0,101.0,101.0,51.0,8.0,49.0,7.0,7.0,7.0,7.0,55.0,334.0,334.0,354.0,354.0,48.0,48.0,48.0,59.0,59.0,59.0,349.0,349.0,101.0,34.0,34.0,46.0,332.0,84.0,20.0,52.0,31.0,23.0,338.0,336.0,34.0,87.0,79.0,79.0,23.0,23.0,23.0,23.0,102.0,102.0,8.0,8.0,303.0,303.0,303.0,323.0,323.0,323.0,323.0,323.0,323.0,323.0,150.0,150.0,150.0,292.0,292.0,292.0,190.0,190.0,190.0,190.0,190.0,79.0,79.0,79.0,20.0,20.0,84.0,350.0,3.0,3.0,243.0,79.0,65.0,23.0,23.0,145.0,352.0,31.0,25.0,25.0,14.0,14.0,14.0,112.0,17.0,84.0,84.0,105.0,105.0,70.0,39.0,256.0,214.66666666666663,354.0,0.0,0.0,14.0,14.0,14.0,14.0,329.0,329.0,329.0,37.0,37.0,37.0,139.0,139.0,139.0,188.0,101.0,101.0,101.0,281.0,98.0,98.0,232.0,193.0,193.0,212.0,212.0,212.0,203.0,76.0,65.0,65.0,225.0,3.0,288.6666666666667,288.6666666666667,288.6666666666667,222.0,41.0,41.0,28.0,1.0,1.0,1.0,34.0,34.0,34.0,34.0,22.0,22.0,22.0,22.0,22.0,142.0,142.0,142.0,23.0,354.0,354.0,17.0,0.0,0.0,0.0,351.0,0.0,31.0,0.0,26.0,26.0,14.0,62.0,352.0,2.0,2.0,2.0,351.0,351.0,360.0,360.0,60.0,60.0,74.0,53.0,108.0,108.0,108.0,9.0,70.0,70.0,70.0,43.0,34.0,34.0,34.0,337.0,337.0,337.0,53.0,53.0,149.0,149.0,149.0,149.0,122.66666666666669,122.66666666666669,124.0,124.0,65.0,65.0,77.0,15.0,99.0,103.0,7.0,164.0,73.0,70.0,70.0,242.0,76.0,117.0,189.0,14.0,14.0,96.0,62.0,99.0,204.0,204.0,232.0,145.0,23.0,318.0,37.0,248.0,45.0,8.0,70.0,150.0,34.0,16.0,68.0,359.0,334.0,0.0,44.0,55.0,55.0,61.0,101.0,17.0,101.0,102.0,352.0,20.0,3.0,34.0,332.0,79.0,79.0,79.0,11.0,17.0,8.0
2018,1,2,21,WIN_D_INST,255.0,297.0,274.0,255.0,297.0,340.0,340.0,340.0,303.0,303.0,303.0,303.0,336.0,336.0,336.0,336.0,162.0,162.0,8.0,8.0,162.0,261.0,261.0,16.0,16.0,358.0,358.0,358.0,59.0,59.0,354.0,102.0,102.0,215.0,230.0,230.0,230.0,230.0,230.0,14.0,14.0,14.0,14.0,14.0,14.0,340.0,340.0,56.0,56.0,45.0,54.0,58.0,37.0,33.0,340.0,340.0,340.0,340.0,340.0,340.0,340.0,340.0,64.0,265.0,64.0,265.0,265.0,347.0,347.0,347.0,240.0,29.0,340.0,340.0,340.0,64.0,277.0,334.0,334.0,334.0,2.0,18.0,316.0,110.0,110.0,316.0,316.0,61.0,71.0,98.0,115.0,115.0,51.0,34.0,40.0,48.0,48.0,48.0,48.0,58.0,77.0,77.0,28.0,28.0,41.0,41.0,41.0,20.0,20.0,20.0,354.0,354.0,357.0,33.0,33.0,58.0,91.0,104.0,43.0,40.0,46.0,9.0,179.33333333333334,341.0,45.0,78.0,144.66666666666666,144.66666666666666,31.0,31.0,31.0,31.0,85.0,85.0,4.0,4.0,116.0,116.0,116.0,343.0,343.0,343.0,343.0,343.0,343.0,343.0,215.0,215.0,215.0,230.0,230.0,230.0,153.0,153.0,153.0,153.0,153.0,156.0,156.0,156.0,48.0,48.0,76.0,342.0,0.0,0.0,270.6666666666667,39.0,45.0,62.0,62.0,136.0,352.0,20.0,20.0,20.0,26.0,26.0,26.0,111.0,301.0,101.0,101.0,91.0,91.0,63.0,45.0,183.0,344.0,53.0,303.0,303.0,354.0,354.0,354.0,354.0,88.0,88.0,88.0,126.0,126.0,126.0,139.0,139.0,139.0,45.0,39.0,39.0,39.0,295.0,70.0,70.0,224.0,193.0,193.0,240.0,240.0,240.0,256.0,48.0,42.0,42.0,169.0,42.0,354.0,354.0,354.0,239.0,61.0,61.0,352.0,14.0,14.0,14.0,119.0,119.0,119.0,119.0,1.0,1.0,1.0,1.0,1.0,68.0,68.0,68.0,9.0,20.0,20.0,45.0,6.0,6.0,6.0,340.0,334.0,99.0,334.0,354.0,354.0,0.0,82.0,340.0,311.0,311.0,311.0,332.0,332.0,0.0,0.0,71.0,71.0,85.0,98.0,147.0,147.0,147.0,45.0,278.0,278.0,278.0,147.66666666666666,34.0,34.0,34.0,31.0,31.0,31.0,56.0,56.0,98.0,98.0,98.0,98.0,113.0,113.0,61.0,61.0,54.0,54.0,118.0,325.0,156.0,90.0,44.0,306.0,62.0,63.0,63.0,86.0,52.0,105.0,158.0,6.0,6.0,98.0,102.0,116.0,135.0,135.0,79.0,136.0,31.0,297.0,126.0,242.0,29.0,34.0,63.0,215.0,34.0,33.0,37.0,16.0,77.0,334.0,63.0,58.0,58.0,37.0,115.0,71.0,115.0,85.0,352.0,31.0,270.0,8.0,91.0,84.0,84.0,84.0,355.0,98.0,34.0
2018,1,3,0,WIN_D_INST,314.0,108.0,75.0,314.0,108.0,283.0,283.0,283.0,344.0,344.0,344.0,344.0,39.0,39.0,39.0,39.0,262.0,262.0,266.0,266.0,262.0,311.0,311.0,29.0,29.0,13.0,13.0,13.0,64.0,64.0,343.0,85.0,85.0,215.0,133.0,133.0,133.0,133.0,133.0,65.0,65.0,65.0,65.0,65.0,65.0,354.0,354.0,34.0,34.0,55.0,74.0,70.0,42.0,32.0,17.0,17.0,17.0,17.0,17.0,17.0,17.0,17.0,50.0,334.0,50.0,334.0,334.0,359.0,359.0,359.0,72.0,23.0,332.0,332.0,332.0,50.0,122.0,13.0,13.0,13.0,6.0,28.0,311.0,44.0,44.0,311.0,311.0,83.0,45.0,31.0,48.0,48.0,14.0,20.0,7.0,85.0,85.0,85.0,85.0,82.0,11.0,11.0,3.0,3.0,57.0,57.0,57.0,25.0,25.0,25.0,351.0,351.0,239.0,37.0,37.0,54.0,85.0,107.0,77.0,47.0,66.0,2.0,177.0,9.0,59.0,67.0,287.0,287.0,39.0,39.0,39.0,39.0,68.0,68.0,19.0,19.0,241.0,241.0,241.0,145.0,145.0,145.0,145.0,145.0,145.0,145.0,215.0,215.0,215.0,133.0,133.0,133.0,218.0,218.0,218.0,218.0,218.0,136.0,136.0,136.0,73.0,73.0,73.0,113.0,31.0,31.0,191.66666666666663,8.0,41.0,48.0,48.0,128.0,65.0,34.0,53.0,53.0,23.0,23.0,23.0,95.0,79.0,90.0,90.0,295.0,295.0,50.0,138.0,200.0,240.0,70.0,351.0,351.0,8.0,8.0,8.0,8.0,354.0,354.0,354.0,56.0,56.0,56.0,150.0,150.0,150.0,23.0,287.0,287.0,287.0,272.0,79.0,79.0,218.0,162.0,162.0,237.0,237.0,237.0,222.0,62.0,42.0,42.0,68.0,42.0,155.0,155.0,155.0,264.0,69.0,69.0,160.0,349.0,349.0,349.0,130.0,130.0,130.0,130.0,17.0,17.0,17.0,17.0,17.0,28.0,28.0,28.0,9.0,8.0,8.0,43.0,343.0,343.0,343.0,295.0,334.0,26.0,334.0,11.0,11.0,17.0,77.0,289.0,318.0,318.0,318.0,84.0,84.0,105.0,105.0,142.0,142.0,57.0,90.0,99.0,99.0,99.0,48.0,284.0,284.0,284.0,289.0,20.0,20.0,20.0,94.0,94.0,94.0,354.0,354.0,186.0,186.0,186.0,186.0,130.0,130.0,82.0,82.0,62.0,62.0,214.0,0.0,153.0,98.0,360.0,321.0,87.0,50.0,50.0,52.0,122.0,136.0,219.0,40.0,40.0,104.0,99.0,116.0,98.0,98.0,317.0,128.0,39.0,108.0,56.0,253.0,23.0,20.0,50.0,215.0,20.0,56.0,87.0,29.0,11.0,334.0,43.0,70.0,70.0,42.0,48.0,45.0,48.0,68.0,65.0,15.0,121.0,33.0,85.0,32.0,32.0,32.0,209.0,31.0,20.0
2018,1,3,3,WIN_D_INST,139.0,177.0,144.0,139.0,177.0,11.0,11.0,11.0,316.0,316.0,316.0,316.0,31.0,31.0,31.0,31.0,102.0,102.0,214.0,214.0,102.0,123.0,123.0,46.0,46.0,32.0,32.0,32.0,68.0,68.0,337.0,79.0,79.0,221.0,298.0,298.0,298.0,298.0,298.0,8.0,8.0,8.0,8.0,8.0,8.0,351.0,351.0,52.0,52.0,58.0,66.0,32.0,48.0,24.0,40.0,40.0,40.0,40.0,40.0,40.0,40.0,40.0,37.0,19.0,37.0,19.0,19.0,279.0,279.0,279.0,64.0,39.0,348.0,348.0,348.0,37.0,81.0,353.0,353.0,353.0,31.0,24.0,42.0,82.0,82.0,42.0,42.0,86.0,306.0,68.0,127.0,127.0,51.0,3.0,7.0,68.0,68.0,68.0,68.0,64.0,31.0,31.0,133.0,133.0,53.0,53.0,53.0,354.0,354.0,354.0,20.0,20.0,0.0,39.0,39.0,76.0,88.0,107.0,57.0,69.0,32.0,355.0,352.0,3.0,53.0,115.0,84.0,84.0,42.0,42.0,42.0,42.0,68.0,68.0,74.0,74.0,286.0,286.0,286.0,354.0,354.0,354.0,354.0,354.0,354.0,354.0,221.0,221.0,221.0,298.0,298.0,298.0,221.0,221.0,221.0,221.0,221.0,232.0,232.0,232.0,79.0,79.0,84.0,13.0,0.0,0.0,159.66666666666666,59.0,36.0,88.0,88.0,156.0,340.0,68.0,17.0,17.0,11.0,11.0,11.0,109.0,37.0,87.0,87.0,354.0,354.0,95.0,65.0,113.0,232.0,349.0,357.0,357.0,295.0,295.0,295.0,295.0,187.0,187.0,187.0,52.0,52.0,52.0,162.0,162.0,162.0,228.0,264.0,264.0,264.0,289.0,70.0,70.0,272.0,269.0,269.0,176.0,176.0,176.0,248.0,79.0,59.0,59.0,42.0,53.0,219.3333333333333,219.3333333333333,219.3333333333333,205.0,86.0,86.0,20.0,16.0,16.0,16.0,68.0,68.0,68.0,68.0,348.0,348.0,348.0,348.0,348.0,349.0,349.0,349.0,43.0,17.0,17.0,45.0,0.0,0.0,0.0,323.0,323.0,0.0,323.0,14.0,14.0,28.0,99.0,335.0,320.0,320.0,320.0,187.0,187.0,52.0,52.0,62.0,62.0,99.0,62.0,102.0,102.0,102.0,343.0,301.0,301.0,301.0,300.0,320.0,320.0,320.0,45.0,45.0,45.0,312.0,312.0,163.0,163.0,163.0,163.0,121.0,121.0,140.0,140.0,349.0,349.0,269.0,326.0,65.0,75.0,319.0,290.0,132.0,95.0,95.0,20.0,349.0,166.0,20.0,34.0,34.0,96.0,99.0,133.0,75.0,75.0,11.0,156.0,42.0,177.0,52.0,270.0,39.0,3.0,95.0,221.0,320.0,41.0,96.0,46.0,31.0,323.0,56.0,32.0,32.0,48.0,127.0,306.0,127.0,68.0,340.0,0.0,298.0,47.0,88.0,72.0,72.0,72.0,358.0,68.0,3.0
2018,1,3,6,WIN_D_INST,145.0,88.0,152.0,145.0,88.0,9.0,9.0,9.0,274.0,274.0,274.0,274.0,59.0,59.0,59.0,59.0,232.0,232.0,174.0,174.0,232.0,314.0,314.0,21.0,21.0,42.0,42.0,42.0,24.0,24.0,334.0,343.0,343.0,0.0,232.0,232.0,232.0,232.0,232.0,17.0,17.0,17.0,17.0,17.0,17.0,337.0,337.0,60.0,60.0,35.0,54.0,55.0,36.0,28.0,20.0,20.0,20.0,20.0,20.0,20.0,20.0,20.0,39.0,29.0,39.0,29.0,29.0,152.33333333333334,152.33333333333334,152.33333333333334,59.0,45.0,32.0,32.0,32.0,39.0,45.0,0.0,0.0,0.0,321.0,16.0,121.0,107.0,107.0,121.0,121.0,74.0,14.0,25.0,138.0,138.0,37.0,59.0,15.0,265.0,265.0,265.0,265.0,62.0,14.0,14.0,173.0,173.0,47.0,47.0,47.0,343.0,343.0,343.0,6.0,6.0,8.0,47.0,47.0,37.0,26.0,90.0,23.0,51.0,35.0,6.0,14.0,336.0,42.0,44.0,309.0,309.0,352.0,352.0,352.0,352.0,57.0,57.0,86.0,86.0,343.0,343.0,343.0,0.0,0.0,0.0,0.0,0.0,0.0,0.0,0.0,0.0,0.0,232.0,232.0,232.0,232.0,232.0,232.0,232.0,232.0,272.0,272.0,272.0,68.0,68.0,113.0,294.0,337.0,337.0,252.3333333333333,98.0,70.0,74.0,74.0,184.0,329.0,20.0,42.0,42.0,11.0,11.0,11.0,124.0,346.0,62.0,62.0,82.0,82.0,65.0,149.0,121.0,232.0,14.0,11.0,11.0,8.0,8.0,8.0,8.0,181.0,181.0,181.0,358.0,358.0,358.0,198.0,198.0,198.0,242.0,138.0,138.0,138.0,337.0,70.0,70.0,315.0,269.0,269.0,216.0,216.0,216.0,276.0,39.0,37.0,37.0,96.0,51.0,28.0,28.0,28.0,239.0,51.0,51.0,163.0,339.0,339.0,339.0,51.0,51.0,51.0,51.0,354.0,354.0,354.0,354.0,354.0,23.0,23.0,23.0,351.0,53.0,53.0,79.0,0.0,0.0,0.0,357.0,349.0,45.0,349.0,354.0,354.0,357.0,77.0,321.0,308.0,308.0,308.0,19.0,19.0,341.0,341.0,3.0,3.0,128.0,76.0,108.0,108.0,108.0,0.0,256.0,256.0,256.0,317.0,40.0,40.0,40.0,74.0,74.0,74.0,312.0,312.0,149.0,149.0,149.0,149.0,113.0,113.0,124.0,124.0,37.0,37.0,296.0,262.0,96.0,67.0,12.0,335.0,101.0,65.0,65.0,50.0,262.0,87.0,13.0,23.0,23.0,104.0,99.0,119.0,284.0,284.0,57.0,184.0,352.0,88.0,358.0,248.0,45.0,59.0,65.0,0.0,40.0,64.0,110.0,21.0,14.0,349.0,51.0,55.0,55.0,36.0,138.0,14.0,138.0,57.0,329.0,5.0,56.0,66.0,26.0,55.0,55.0,55.0,333.0,25.0,59.0
2018,1,3,9,WIN_D_INST,136.0,96.0,128.0,136.0,96.0,230.0,230.0,230.0,284.0,284.0,284.0,284.0,52.0,52.0,52.0,52.0,149.0,149.0,160.0,160.0,149.0,324.0,324.0,29.0,29.0,8.0,8.0,8.0,31.0,31.0,332.0,193.0,193.0,45.0,79.0,79.0,79.0,79.0,79.0,39.0,39.0,39.0,39.0,39.0,39.0,351.0,351.0,34.0,34.0,34.0,57.0,52.0,44.0,45.0,48.0,48.0,48.0,48.0,48.0,48.0,48.0,48.0,19.0,15.0,19.0,15.0,15.0,71.0,71.0,71.0,69.0,25.0,21.0,21.0,21.0,19.0,66.0,19.0,19.0,19.0,26.0,7.0,347.0,127.0,127.0,347.0,347.0,78.0,3.0,51.0,346.0,346.0,51.0,6.0,58.0,340.0,340.0,340.0,340.0,69.0,28.0,28.0,71.0,71.0,59.0,59.0,59.0,70.0,70.0,70.0,14.0,14.0,343.0,55.0,55.0,56.0,48.0,107.0,85.0,50.0,50.0,337.0,70.0,35.0,17.0,47.0,312.0,312.0,31.0,31.0,31.0,31.0,31.0,31.0,72.0,72.0,320.0,320.0,320.0,54.0,54.0,54.0,54.0,54.0,54.0,54.0,45.0,45.0,45.0,79.0,79.0,79.0,235.0,235.0,235.0,235.0,235.0,264.0,264.0,264.0,65.0,65.0,127.0,232.66666666666663,332.0,332.0,193.3333333333333,51.0,61.0,119.0,119.0,133.0,352.0,68.0,31.0,31.0,0.0,0.0,0.0,92.0,90.0,70.0,70.0,71.0,71.0,54.0,248.0,172.0,79.0,349.0,43.0,43.0,155.0,155.0,155.0,155.0,108.0,108.0,108.0,71.0,71.0,71.0,164.0,164.0,164.0,104.0,132.0,132.0,132.0,306.0,59.0,59.0,298.0,292.0,292.0,358.0,358.0,358.0,228.0,51.0,45.0,45.0,31.0,53.0,335.0,335.0,335.0,236.0,18.0,18.0,349.0,24.0,24.0,24.0,278.0,278.0,278.0,278.0,3.0,3.0,3.0,3.0,3.0,40.0,40.0,40.0,43.0,34.0,34.0,82.0,28.0,28.0,28.0,357.0,346.0,14.0,346.0,51.0,51.0,9.0,51.0,328.0,343.0,343.0,343.0,25.0,25.0,102.0,102.0,65.0,65.0,349.0,34.0,264.0,264.0,264.0,9.0,307.0,307.0,307.0,28.0,354.0,354.0,354.0,60.0,60.0,60.0,25.0,25.0,135.0,135.0,135.0,135.0,133.0,133.0,86.0,86.0,34.0,34.0,256.0,42.0,116.0,94.0,325.0,332.0,93.0,54.0,54.0,144.0,117.0,250.0,343.0,26.0,26.0,113.0,108.0,122.0,338.0,338.0,82.0,133.0,31.0,96.0,71.0,253.0,25.0,6.0,54.0,45.0,354.0,55.0,98.0,29.0,28.0,346.0,49.0,52.0,52.0,44.0,346.0,3.0,346.0,31.0,352.0,343.0,39.0,40.0,48.0,82.0,82.0,82.0,31.0,51.0,6.0
2018,1,3,12,WIN_D_INST,227.0,143.0,138.0,227.0,143.0,283.0,283.0,283.0,334.0,334.0,334.0,334.0,34.0,34.0,34.0,34.0,205.0,205.0,246.0,246.0,205.0,312.0,312.0,58.0,58.0,304.0,304.0,304.0,77.0,77.0,14.0,108.0,108.0,145.0,187.0,187.0,187.0,187.0,187.0,28.0,28.0,28.0,28.0,28.0,28.0,6.0,6.0,57.0,57.0,53.0,72.0,49.0,29.0,33.0,40.0,40.0,40.0,40.0,40.0,40.0,40.0,40.0,15.0,16.0,15.0,16.0,16.0,344.0,344.0,344.0,41.0,40.0,43.0,43.0,43.0,15.0,41.0,2.0,2.0,2.0,26.0,351.0,204.0,128.0,128.0,204.0,204.0,78.0,349.0,25.0,59.0,59.0,31.0,31.0,37.0,83.0,83.0,83.0,83.0,238.0,326.0,326.0,82.0,82.0,61.0,61.0,61.0,37.0,37.0,37.0,351.0,351.0,8.0,43.0,43.0,104.0,54.0,107.0,51.0,64.0,48.0,7.0,135.0,38.0,0.0,35.0,53.0,53.0,20.0,20.0,20.0,20.0,230.0,230.0,67.0,67.0,315.0,315.0,315.0,96.0,96.0,96.0,96.0,96.0,96.0,96.0,145.0,145.0,145.0,187.0,187.0,187.0,249.0,249.0,249.0,249.0,249.0,261.0,261.0,261.0,135.0,135.0,87.0,273.0,26.0,26.0,204.3333333333333,59.0,55.0,48.0,48.0,156.0,338.0,59.0,17.0,17.0,349.0,349.0,349.0,92.0,62.0,87.0,87.0,206.0,206.0,69.0,346.0,93.0,337.0,340.0,34.0,34.0,135.0,135.0,135.0,135.0,210.0,210.0,210.0,36.0,36.0,36.0,145.0,145.0,145.0,53.0,152.0,152.0,152.0,269.0,31.0,31.0,292.0,60.0,60.0,217.0,217.0,217.0,253.0,45.0,48.0,48.0,48.0,51.0,158.0,158.0,158.0,228.0,46.0,46.0,17.0,20.0,20.0,20.0,286.0,286.0,286.0,286.0,358.0,358.0,358.0,358.0,358.0,60.0,60.0,60.0,54.0,34.0,34.0,71.0,11.0,11.0,11.0,23.0,351.0,3.0,351.0,90.66666666666669,90.66666666666669,9.0,74.0,315.0,316.0,316.0,316.0,29.0,29.0,150.0,150.0,60.0,60.0,17.0,68.0,111.0,111.0,111.0,357.0,76.0,76.0,76.0,26.0,48.0,48.0,48.0,20.0,20.0,20.0,42.0,42.0,166.0,166.0,166.0,166.0,116.0,116.0,48.0,48.0,122.0,122.0,281.0,317.0,105.0,89.0,322.0,315.0,129.0,69.0,69.0,211.0,109.0,222.0,232.0,20.0,20.0,93.0,136.0,119.0,313.0,313.0,85.0,156.0,20.0,143.0,36.0,264.0,40.0,31.0,69.0,145.0,48.0,47.0,113.0,58.0,326.0,351.0,41.0,49.0,49.0,29.0,59.0,349.0,59.0,230.0,338.0,10.0,6.0,49.0,54.0,61.0,61.0,61.0,41.0,25.0,31.0
2018,1,3,15,WIN_D_INST,245.66666666666663,239.0,237.0,245.66666666666663,239.0,261.0,261.0,261.0,341.0,341.0,341.0,341.0,359.0,359.0,359.0,359.0,258.0,258.0,226.0,226.0,258.0,279.0,279.0,7.0,7.0,272.0,272.0,272.0,123.0,123.0,351.0,88.0,88.0,128.0,153.0,153.0,153.0,153.0,153.0,25.0,25.0,25.0,25.0,25.0,25.0,337.0,337.0,49.0,49.0,24.0,58.0,51.0,10.0,3.0,48.0,48.0,48.0,48.0,48.0,48.0,48.0,48.0,30.0,28.0,30.0,28.0,28.0,314.0,314.0,314.0,41.0,31.0,41.0,41.0,41.0,30.0,69.0,19.0,19.0,19.0,10.0,339.0,194.0,69.0,69.0,194.0,194.0,86.0,48.0,53.0,82.0,82.0,51.0,20.0,26.0,150.0,150.0,150.0,150.0,235.0,37.0,37.0,99.0,99.0,75.0,75.0,75.0,59.0,59.0,59.0,349.0,349.0,335.0,41.0,41.0,19.0,312.0,194.0,85.0,105.0,237.0,356.0,349.0,343.0,354.0,73.0,76.0,76.0,20.0,20.0,20.0,20.0,45.0,45.0,42.0,42.0,298.0,298.0,298.0,184.0,184.0,184.0,184.0,184.0,184.0,184.0,128.0,128.0,128.0,153.0,153.0,153.0,173.0,173.0,173.0,173.0,173.0,193.0,193.0,193.0,82.0,82.0,354.0,201.66666666666663,120.0,120.0,189.0,349.0,42.0,68.0,68.0,159.0,28.0,39.0,45.0,45.0,329.0,329.0,329.0,106.0,107.0,84.0,84.0,154.0,154.0,90.0,104.0,59.0,49.0,20.0,23.0,23.0,78.0,78.0,78.0,78.0,357.0,357.0,357.0,66.0,66.0,66.0,96.0,96.0,96.0,98.0,253.0,253.0,253.0,275.0,23.0,23.0,34.0,62.0,62.0,248.0,248.0,248.0,225.0,79.0,39.0,39.0,34.0,42.0,343.0,343.0,343.0,225.0,13.0,13.0,113.0,22.0,22.0,22.0,283.0,283.0,283.0,283.0,357.0,357.0,357.0,357.0,357.0,23.0,23.0,23.0,31.0,349.0,349.0,60.0,17.0,17.0,17.0,323.0,340.0,31.0,340.0,154.0,154.0,14.0,125.0,321.0,337.0,337.0,337.0,335.0,335.0,0.0,0.0,60.0,60.0,3.0,79.0,96.0,96.0,96.0,48.0,70.0,70.0,70.0,85.0,17.0,17.0,17.0,0.0,0.0,0.0,28.0,28.0,129.0,129.0,129.0,129.0,124.0,124.0,113.0,113.0,82.0,82.0,254.0,282.0,79.0,75.0,286.0,208.0,152.0,90.0,90.0,203.0,204.0,252.0,279.0,43.0,43.0,90.0,102.0,133.0,142.0,142.0,142.0,159.0,20.0,239.0,66.0,222.0,31.0,20.0,90.0,128.0,17.0,54.0,115.0,7.0,37.0,340.0,27.0,51.0,51.0,10.0,82.0,48.0,82.0,45.0,28.0,14.0,321.0,16.0,312.0,92.0,92.0,92.0,13.0,53.0,20.0
2018,1,3,18,WIN_D_INST,287.0,99.0,161.0,287.0,99.0,252.0,252.0,252.0,316.6666666666667,316.6666666666667,316.6666666666667,316.6666666666667,323.0,323.0,323.0,323.0,266.0,266.0,90.0,90.0,266.0,60.0,60.0,355.0,355.0,320.0,320.0,320.0,25.0,25.0,54.0,88.0,88.0,79.0,184.0,184.0,184.0,184.0,184.0,25.0,25.0,25.0,25.0,25.0,25.0,351.0,351.0,60.0,60.0,34.0,1.0,55.0,42.0,28.0,26.0,26.0,26.0,26.0,26.0,26.0,26.0,26.0,39.0,19.0,39.0,19.0,19.0,180.0,180.0,180.0,30.0,32.0,342.0,342.0,342.0,39.0,287.0,349.0,349.0,349.0,353.0,327.0,131.0,116.0,116.0,131.0,131.0,79.0,34.0,53.0,62.0,62.0,77.0,17.0,356.0,113.0,113.0,113.0,113.0,234.0,317.0,317.0,116.0,116.0,71.0,71.0,71.0,37.0,37.0,37.0,343.0,343.0,82.0,48.0,48.0,62.0,37.0,239.0,136.0,72.0,216.0,12.0,290.0,344.0,34.0,78.0,39.0,39.0,17.0,17.0,17.0,17.0,0.0,0.0,116.0,116.0,145.0,145.0,145.0,298.0,298.0,298.0,298.0,298.0,298.0,298.0,79.0,79.0,79.0,184.0,184.0,184.0,170.0,170.0,170.0,170.0,170.0,193.0,193.0,193.0,79.0,79.0,298.0,180.3333333333333,133.66666666666666,133.66666666666666,144.0,349.0,43.0,116.0,116.0,162.0,349.0,34.0,20.0,20.0,351.0,351.0,351.0,106.0,65.0,73.0,73.0,228.0,228.0,91.0,107.0,45.0,82.0,11.0,23.0,23.0,124.33333333333331,124.33333333333331,124.33333333333331,124.33333333333331,125.0,125.0,125.0,39.0,39.0,39.0,133.0,133.0,133.0,115.0,6.0,6.0,6.0,281.0,65.0,65.0,199.3333333333333,164.0,164.0,224.0,224.0,224.0,245.0,37.0,39.0,39.0,51.0,53.0,51.0,51.0,51.0,231.0,30.0,30.0,354.0,9.0,9.0,9.0,278.0,278.0,278.0,278.0,2.0,2.0,2.0,2.0,2.0,357.0,357.0,357.0,266.0,11.0,11.0,54.0,9.0,9.0,9.0,343.0,343.0,17.0,343.0,146.33333333333334,146.33333333333334,11.0,119.0,321.0,305.0,305.0,305.0,291.0,291.0,97.0,97.0,351.0,351.0,0.0,82.0,258.0,258.0,258.0,11.0,312.0,312.0,312.0,298.0,51.0,51.0,51.0,14.0,14.0,14.0,323.0,323.0,155.0,155.0,155.0,155.0,149.0,149.0,140.0,140.0,111.0,111.0,298.0,336.0,60.0,89.0,164.0,209.0,98.0,91.0,91.0,209.0,114.0,349.0,105.0,45.0,45.0,84.0,108.0,139.0,214.0,214.0,160.66666666666666,162.0,17.0,99.0,39.0,219.0,32.0,17.0,91.0,79.0,51.0,55.0,113.0,355.0,317.0,343.0,38.0,55.0,55.0,42.0,62.0,34.0,62.0,0.0,349.0,28.0,129.0,48.0,37.0,94.0,94.0,94.0,201.0,53.0,17.0
2018,1,3,21,WIN_D_INST,226.0,263.0,278.0,226.0,263.0,351.0,351.0,351.0,275.0,275.0,275.0,275.0,297.0,297.0,297.0,297.0,164.33333333333334,164.33333333333334,71.0,71.0,164.33333333333334,46.0,46.0,11.0,11.0,318.0,318.0,318.0,27.0,27.0,74.0,99.0,99.0,139.0,181.0,181.0,181.0,181.0,181.0,51.0,51.0,51.0,51.0,51.0,51.0,20.0,20.0,53.0,53.0,17.0,55.0,50.0,43.0,20.0,88.0,88.0,88.0,88.0,88.0,88.0,88.0,88.0,24.0,22.0,24.0,22.0,22.0,134.0,134.0,134.0,69.0,27.0,356.0,356.0,356.0,24.0,236.0,357.0,357.0,357.0,345.0,311.0,320.0,92.0,92.0,320.0,320.0,106.0,3.0,62.0,59.0,59.0,31.0,70.0,90.0,72.0,72.0,72.0,72.0,217.0,43.0,43.0,119.0,119.0,66.0,66.0,66.0,31.0,31.0,31.0,48.0,48.0,354.0,39.0,39.0,59.0,298.0,17.0,23.0,57.0,304.0,17.0,256.0,311.0,338.0,100.0,42.0,42.0,39.0,39.0,39.0,39.0,45.0,45.0,116.0,116.0,351.0,351.0,351.0,23.0,23.0,23.0,23.0,23.0,23.0,23.0,139.0,139.0,139.0,181.0,181.0,181.0,139.0,139.0,139.0,139.0,139.0,99.0,99.0,99.0,79.0,79.0,110.0,182.3333333333333,210.0,210.0,188.66666666666663,335.0,33.0,9.0,9.0,349.0,321.0,53.0,25.0,25.0,20.0,20.0,20.0,115.0,194.0,53.0,53.0,160.0,160.0,106.0,101.0,113.0,42.0,56.0,11.0,11.0,160.0,160.0,160.0,160.0,91.0,91.0,91.0,33.0,33.0,33.0,147.0,147.0,147.0,180.0,352.0,352.0,352.0,261.0,70.0,70.0,272.0,162.0,162.0,135.0,135.0,135.0,222.0,53.0,42.0,42.0,51.0,53.0,34.0,34.0,34.0,233.0,70.0,70.0,124.0,17.0,17.0,17.0,252.0,252.0,252.0,252.0,358.0,358.0,358.0,358.0,358.0,306.0,306.0,306.0,261.0,346.0,346.0,54.0,6.0,6.0,6.0,23.0,3.0,6.0,3.0,152.0,152.0,346.0,79.0,309.0,316.0,316.0,316.0,60.0,60.0,149.0,149.0,62.0,62.0,65.0,315.0,102.0,102.0,102.0,28.0,281.0,281.0,281.0,303.0,40.0,40.0,40.0,105.0,105.0,105.0,6.0,6.0,143.0,143.0,143.0,143.0,125.0,125.0,148.0,148.0,153.0,153.0,312.0,338.0,82.0,138.0,164.0,210.0,101.0,106.0,106.0,229.0,145.0,335.0,162.0,26.0,26.0,96.0,122.0,139.0,215.0,215.0,255.0,349.0,39.0,263.0,33.0,191.0,27.0,70.0,106.0,139.0,40.0,58.0,101.0,11.0,43.0,3.0,46.0,50.0,50.0,43.0,59.0,3.0,59.0,45.0,321.0,78.0,264.0,67.0,298.0,114.0,114.0,114.0,269.0,62.0,70.0
2018,1,4,0,WIN_D_INST,223.0,224.0,295.0,223.0,224.0,326.0,326.0,326.0,344.0,344.0,344.0,344.0,316.0,316.0,316.0,316.0,105.0,105.0,64.0,64.0,105.0,91.0,91.0,8.0,8.0,343.0,343.0,343.0,69.0,69.0,71.0,108.0,108.0,111.66666666666669,193.0,193.0,193.0,193.0,193.0,59.0,59.0,59.0,59.0,59.0,59.0,340.0,340.0,65.0,65.0,52.0,39.0,53.0,49.0,52.0,26.0,26.0,26.0,26.0,26.0,26.0,26.0,26.0,64.0,349.0,64.0,349.0,349.0,170.0,170.0,170.0,4.0,29.0,339.0,339.0,339.0,64.0,187.0,28.0,28.0,28.0,307.0,312.0,120.0,48.0,48.0,120.0,120.0,80.0,351.0,51.0,65.0,65.0,286.0,354.0,351.0,113.0,113.0,113.0,113.0,259.0,14.0,14.0,125.0,125.0,71.0,71.0,71.0,37.0,37.0,37.0,9.0,9.0,31.0,39.0,39.0,47.0,283.0,56.0,68.0,66.0,92.0,14.0,287.0,329.0,264.0,76.0,113.0,113.0,45.0,45.0,45.0,45.0,77.0,77.0,19.0,19.0,309.0,309.0,309.0,354.0,354.0,354.0,354.0,354.0,354.0,354.0,111.66666666666669,111.66666666666669,111.66666666666669,193.0,193.0,193.0,156.0,156.0,156.0,156.0,156.0,184.0,184.0,184.0,70.0,70.0,101.0,182.3333333333333,210.0,210.0,188.66666666666663,340.0,40.0,3.0,3.0,317.0,323.0,133.66666666666666,68.0,68.0,37.0,37.0,37.0,317.0,211.0,349.0,349.0,260.0,260.0,98.0,98.0,90.0,42.66666666666666,25.0,354.0,354.0,141.0,141.0,141.0,141.0,150.0,150.0,150.0,74.0,74.0,74.0,71.0,71.0,71.0,31.0,346.0,346.0,346.0,269.0,65.0,65.0,272.0,210.0,210.0,47.0,47.0,47.0,236.0,48.0,48.0,48.0,56.0,53.0,267.0,267.0,267.0,200.0,52.0,52.0,129.0,11.0,11.0,11.0,275.0,275.0,275.0,275.0,327.0,327.0,327.0,327.0,327.0,334.0,334.0,334.0,0.0,8.0,8.0,62.0,351.0,351.0,351.0,317.0,334.0,12.333333333333334,334.0,152.0,152.0,34.0,128.0,328.0,325.0,325.0,325.0,60.0,60.0,143.0,143.0,40.0,40.0,60.0,281.0,97.33333333333331,97.33333333333331,97.33333333333331,17.0,287.0,287.0,287.0,306.0,26.0,26.0,26.0,193.0,193.0,193.0,338.0,338.0,160.0,160.0,160.0,160.0,160.0,160.0,121.0,121.0,51.0,51.0,270.0,318.0,88.0,94.0,174.0,294.0,138.0,98.0,98.0,217.0,137.0,260.0,192.0,23.0,23.0,96.0,113.0,119.0,344.0,344.0,153.0,317.0,45.0,224.0,74.0,143.0,29.0,354.0,98.0,111.66666666666669,26.0,57.0,93.0,8.0,14.0,334.0,50.0,53.0,53.0,49.0,65.0,351.0,65.0,77.0,323.0,12.0,307.0,10.0,283.0,73.0,73.0,73.0,341.0,51.0,354.0
2018,1,4,3,WIN_D_INST,117.0,174.0,67.0,117.0,174.0,3.0,3.0,3.0,328.0,328.0,328.0,328.0,32.0,32.0,32.0,32.0,69.0,69.0,52.0,52.0,69.0,83.0,83.0,40.0,40.0,31.0,31.0,31.0,41.0,41.0,108.0,45.0,45.0,68.0,323.0,323.0,323.0,323.0,323.0,28.0,28.0,28.0,28.0,28.0,28.0,340.0,340.0,50.0,50.0,59.0,79.0,75.0,44.0,36.0,43.0,43.0,43.0,43.0,43.0,43.0,43.0,43.0,19.0,319.0,19.0,319.0,319.0,62.0,62.0,62.0,354.0,51.0,336.0,336.0,336.0,19.0,90.0,9.0,9.0,9.0,322.0,17.0,73.0,98.0,98.0,73.0,73.0,97.0,272.0,93.0,143.0,143.0,51.0,20.0,51.0,67.0,67.0,67.0,67.0,58.0,23.0,23.0,133.0,133.0,113.0,113.0,113.0,48.0,48.0,48.0,34.0,34.0,53.0,45.0,45.0,20.0,312.0,59.0,23.0,25.0,84.0,27.0,357.0,343.0,352.0,115.0,59.0,59.0,20.0,20.0,20.0,20.0,11.0,11.0,309.0,309.0,298.0,298.0,298.0,309.0,309.0,309.0,309.0,309.0,309.0,309.0,68.0,68.0,68.0,323.0,323.0,323.0,190.0,190.0,190.0,190.0,190.0,247.0,247.0,247.0,62.0,62.0,51.0,89.33333333333333,103.33333333333331,103.33333333333331,171.33333333333334,3.0,50.0,91.0,91.0,278.0,323.0,309.0,82.0,82.0,14.0,14.0,14.0,88.0,217.0,79.0,79.0,51.0,51.0,91.0,127.0,84.0,37.0,127.0,20.0,20.0,167.0,167.0,167.0,167.0,193.0,193.0,193.0,46.0,46.0,46.0,108.0,108.0,108.0,205.0,354.0,354.0,354.0,326.0,79.0,79.0,298.0,193.0,193.0,353.0,353.0,353.0,250.0,45.0,53.0,53.0,113.0,34.0,276.0,276.0,276.0,214.0,37.0,37.0,107.0,11.0,11.0,11.0,247.0,247.0,247.0,247.0,354.0,354.0,354.0,354.0,354.0,57.0,57.0,57.0,286.0,329.0,329.0,60.0,351.0,351.0,351.0,340.0,323.0,0.0,323.0,118.0,118.0,0.0,102.0,314.0,314.0,314.0,314.0,83.0,83.0,0.0,0.0,48.0,48.0,130.0,273.0,94.0,94.0,94.0,354.0,56.0,56.0,56.0,340.0,0.0,0.0,0.0,357.0,357.0,357.0,84.0,84.0,169.0,169.0,169.0,169.0,151.0,151.0,247.0,247.0,111.0,111.0,244.0,344.0,34.0,84.0,36.0,109.0,84.0,91.0,91.0,209.0,71.0,193.0,41.0,43.0,43.0,104.0,108.0,128.0,152.0,152.0,62.0,278.0,20.0,174.0,46.0,222.0,51.0,20.0,91.0,68.0,0.0,59.0,51.0,40.0,23.0,323.0,50.0,75.0,75.0,44.0,143.0,272.0,143.0,11.0,323.0,14.0,267.0,357.0,312.0,106.0,106.0,106.0,270.0,93.0,20.0
2018,1,4,6,WIN_D_INST,172.0,181.0,55.0,172.0,181.0,14.0,14.0,14.0,345.0,345.0,345.0,345.0,305.0,305.0,305.0,305.0,108.0,108.0,150.0,150.0,108.0,166.0,166.0,44.0,44.0,317.0,317.0,317.0,66.0,66.0,312.0,57.0,57.0,238.0,258.0,258.0,258.0,258.0,258.0,23.0,23.0,23.0,23.0,23.0,23.0,343.0,343.0,52.0,52.0,55.0,52.0,32.0,45.0,40.0,43.0,43.0,43.0,43.0,43.0,43.0,43.0,43.0,5.0,289.0,5.0,289.0,289.0,53.0,53.0,53.0,17.0,34.0,354.0,354.0,354.0,5.0,56.0,334.0,334.0,334.0,331.0,13.0,159.0,120.0,120.0,159.0,159.0,105.0,312.0,39.0,281.0,281.0,31.0,340.0,28.0,359.0,359.0,359.0,359.0,92.0,351.0,351.0,111.0,111.0,149.0,149.0,149.0,20.0,20.0,20.0,17.0,17.0,332.0,33.0,33.0,13.0,309.0,76.0,0.0,10.0,285.0,347.0,346.0,329.0,11.0,129.0,51.0,51.0,31.0,31.0,31.0,31.0,289.0,289.0,154.0,154.0,26.0,26.0,26.0,337.0,337.0,337.0,337.0,337.0,337.0,337.0,238.0,238.0,238.0,258.0,258.0,258.0,201.0,201.0,201.0,201.0,201.0,227.0,227.0,227.0,62.0,62.0,169.0,84.66666666666667,65.33333333333333,65.33333333333333,207.3333333333333,315.0,64.0,167.0,167.0,300.0,6.0,84.0,68.0,68.0,40.0,40.0,40.0,117.0,183.0,48.0,48.0,88.0,88.0,102.0,87.0,149.0,349.0,121.0,23.0,23.0,164.0,164.0,164.0,164.0,346.0,346.0,346.0,84.0,84.0,84.0,162.0,162.0,162.0,236.0,186.0,186.0,186.0,252.0,62.0,62.0,317.0,272.0,272.0,121.0,121.0,121.0,228.0,82.0,37.0,37.0,70.0,20.0,155.0,155.0,155.0,264.0,230.0,230.0,115.0,20.0,20.0,20.0,278.0,278.0,278.0,278.0,349.0,349.0,349.0,349.0,349.0,351.0,351.0,351.0,354.0,11.0,11.0,60.0,9.0,9.0,9.0,334.0,315.0,3.0,315.0,288.3333333333333,288.3333333333333,6.0,82.0,301.0,319.0,319.0,319.0,31.0,31.0,115.0,115.0,20.0,20.0,60.0,68.0,269.0,269.0,269.0,65.0,93.0,93.0,93.0,99.0,62.0,62.0,62.0,20.0,20.0,20.0,3.0,3.0,158.0,158.0,158.0,158.0,136.0,136.0,139.0,139.0,51.0,51.0,256.0,136.0,119.0,66.0,45.0,345.0,79.0,102.0,102.0,198.0,60.0,224.0,14.0,20.0,20.0,51.0,116.0,116.0,29.0,29.0,130.0,300.0,31.0,181.0,84.0,177.0,34.0,340.0,102.0,238.0,62.0,55.0,158.0,44.0,351.0,315.0,34.0,32.0,32.0,45.0,281.0,312.0,281.0,289.0,6.0,1.0,349.0,6.0,309.0,157.0,157.0,157.0,9.0,39.0,340.0
2018,1,4,9,WIN_D_INST,124.0,112.0,102.0,124.0,112.0,298.0,298.0,298.0,295.0,295.0,295.0,295.0,145.0,145.0,145.0,145.0,132.0,132.0,113.0,113.0,132.0,241.0,241.0,81.0,81.0,7.0,7.0,7.0,329.0,329.0,312.0,128.0,128.0,292.0,315.0,315.0,315.0,315.0,315.0,11.0,11.0,11.0,11.0,11.0,11.0,317.0,317.0,41.0,41.0,46.0,15.0,60.0,40.0,30.0,3.0,3.0,3.0,3.0,3.0,3.0,3.0,3.0,17.0,328.0,17.0,328.0,328.0,106.0,106.0,106.0,320.0,28.0,309.0,309.0,309.0,17.0,243.0,340.0,340.0,340.0,341.0,13.0,108.0,153.0,153.0,108.0,108.0,82.0,351.0,101.0,87.0,87.0,28.0,73.0,14.0,81.0,81.0,81.0,81.0,117.0,317.0,317.0,139.0,139.0,50.0,50.0,50.0,25.0,25.0,25.0,351.0,351.0,56.0,38.0,38.0,305.0,179.0,23.0,349.0,8.0,339.0,337.0,349.0,344.0,354.0,127.0,158.0,158.0,31.0,31.0,31.0,31.0,317.0,317.0,106.0,106.0,45.0,45.0,45.0,334.0,334.0,334.0,334.0,334.0,334.0,334.0,292.0,292.0,292.0,315.0,315.0,315.0,198.0,198.0,198.0,198.0,198.0,147.0,147.0,147.0,20.0,20.0,158.0,55.66666666666666,6.0,6.0,196.3333333333333,354.0,66.0,102.0,102.0,184.0,82.0,101.0,124.0,124.0,20.0,20.0,20.0,128.0,242.0,79.0,79.0,65.0,65.0,12.0,37.0,90.0,80.0,84.0,340.0,340.0,180.0,180.0,180.0,180.0,147.0,147.0,147.0,76.0,76.0,76.0,173.0,173.0,173.0,174.0,127.0,127.0,127.0,272.0,93.0,93.0,317.0,289.0,289.0,297.0,297.0,297.0,211.0,42.0,39.0,39.0,17.0,11.0,354.0,354.0,354.0,245.0,270.0,270.0,39.0,17.0,17.0,17.0,283.0,283.0,283.0,283.0,339.0,339.0,339.0,339.0,339.0,306.0,306.0,306.0,230.0,11.0,11.0,96.0,3.0,3.0,3.0,295.0,317.0,9.0,317.0,229.66666666666663,229.66666666666663,357.0,119.0,314.0,318.0,318.0,318.0,259.0,259.0,178.0,178.0,77.0,77.0,14.0,284.0,261.0,261.0,261.0,71.0,53.0,53.0,53.0,85.0,68.0,68.0,68.0,34.0,34.0,34.0,338.0,338.0,172.0,172.0,172.0,172.0,108.0,108.0,117.0,117.0,88.0,88.0,106.0,154.0,116.0,43.0,118.0,307.0,149.0,12.0,12.0,183.0,115.0,202.0,335.0,74.0,74.0,107.0,113.0,85.0,345.0,345.0,289.0,184.0,31.0,112.0,76.0,205.0,28.0,73.0,12.0,292.0,68.0,60.0,141.0,81.0,317.0,317.0,36.0,60.0,60.0,40.0,87.0,351.0,87.0,317.0,82.0,339.0,65.0,54.0,179.0,58.0,58.0,58.0,41.0,101.0,73.0
2018,1,4,12,WIN_D_INST,153.0,113.0,81.0,153.0,113.0,244.0,244.0,244.0,289.0,289.0,289.0,289.0,202.0,202.0,202.0,202.0,199.3333333333333,199.3333333333333,220.0,220.0,199.3333333333333,70.0,70.0,246.0,246.0,174.0,174.0,174.0,20.0,20.0,179.0,94.0,94.0,136.0,320.0,320.0,320.0,320.0,320.0,28.0,28.0,28.0,28.0,28.0,28.0,340.0,340.0,22.0,22.0,43.0,59.0,49.0,352.0,25.0,0.0,0.0,0.0,0.0,0.0,0.0,0.0,0.0,40.0,294.0,40.0,294.0,294.0,147.0,147.0,147.0,288.0,15.0,299.0,299.0,299.0,40.0,233.0,342.0,342.0,342.0,328.0,356.0,158.0,66.0,66.0,158.0,158.0,92.0,323.0,53.0,53.0,53.0,119.0,129.0,20.0,81.0,81.0,81.0,81.0,252.66666666666663,320.0,320.0,170.0,170.0,26.0,26.0,26.0,28.0,28.0,28.0,343.0,343.0,97.33333333333331,325.0,325.0,76.0,329.0,3.0,343.0,347.0,335.0,334.0,98.0,30.0,8.0,89.0,56.0,56.0,37.0,37.0,37.0,37.0,201.0,201.0,326.0,326.0,317.0,317.0,317.0,11.0,11.0,11.0,11.0,11.0,11.0,11.0,136.0,136.0,136.0,320.0,320.0,320.0,159.0,159.0,159.0,159.0,159.0,198.0,198.0,198.0,31.0,31.0,248.0,134.33333333333334,34.0,34.0,154.0,349.0,42.0,82.0,82.0,130.0,31.0,113.0,200.0,200.0,6.0,6.0,6.0,127.0,160.0,115.0,115.0,131.0,131.0,71.0,295.0,98.0,341.0,84.0,349.0,349.0,169.0,169.0,169.0,169.0,113.0,113.0,113.0,51.0,51.0,51.0,99.0,99.0,99.0,205.0,115.0,115.0,115.0,275.0,56.0,56.0,312.0,136.0,136.0,211.0,211.0,211.0,231.0,28.0,28.0,28.0,349.0,42.0,216.3333333333333,216.3333333333333,216.3333333333333,239.0,295.0,295.0,34.0,6.0,6.0,6.0,349.0,349.0,349.0,349.0,326.0,326.0,326.0,326.0,326.0,269.0,269.0,269.0,221.0,284.0,284.0,116.0,0.0,0.0,0.0,317.0,340.0,20.0,340.0,220.3333333333333,220.3333333333333,40.0,105.0,156.66666666666666,317.0,317.0,317.0,357.0,357.0,199.0,199.0,9.0,9.0,326.0,256.0,258.0,258.0,258.0,60.0,273.0,273.0,273.0,99.0,309.0,309.0,309.0,51.0,51.0,51.0,51.0,51.0,132.0,132.0,132.0,132.0,132.0,132.0,82.0,82.0,28.0,28.0,62.0,179.0,119.0,80.0,81.0,323.0,141.0,71.0,71.0,179.0,121.0,316.0,159.0,31.0,31.0,90.0,128.0,108.0,294.0,294.0,20.0,130.0,37.0,113.0,51.0,233.0,15.0,129.0,71.0,136.0,309.0,10.0,127.0,246.0,320.0,340.0,20.0,49.0,49.0,352.0,53.0,323.0,53.0,201.0,31.0,346.0,248.0,60.0,329.0,71.0,71.0,71.0,10.0,53.0,129.0
2018,1,4,15,WIN_D_INST,225.0,142.66666666666666,62.0,225.0,142.66666666666666,269.0,269.0,269.0,350.0,350.0,350.0,350.0,232.0,232.0,232.0,232.0,260.0,260.0,284.0,284.0,260.0,33.0,33.0,219.0,219.0,301.0,301.0,301.0,147.66666666666666,147.66666666666666,224.0,94.0,94.0,136.0,94.0,94.0,94.0,94.0,94.0,37.0,37.0,37.0,37.0,37.0,37.0,323.0,323.0,17.0,17.0,335.0,17.0,18.0,342.0,13.0,0.0,0.0,0.0,0.0,0.0,0.0,0.0,0.0,344.0,318.0,344.0,318.0,318.0,70.0,70.0,70.0,283.0,35.0,306.0,306.0,306.0,344.0,0.0,350.0,350.0,350.0,336.0,334.0,146.0,95.0,95.0,146.0,146.0,71.0,57.0,56.0,70.0,70.0,6.0,281.0,39.0,91.0,91.0,91.0,91.0,243.66666666666663,77.0,77.0,272.0,272.0,359.0,359.0,359.0,48.0,48.0,48.0,343.0,343.0,93.0,1.0,1.0,298.0,306.0,0.0,334.0,299.0,331.0,355.0,20.0,317.0,79.0,181.0,6.0,6.0,191.0,191.0,191.0,191.0,235.0,235.0,357.0,357.0,227.0,227.0,227.0,147.0,147.0,147.0,147.0,147.0,147.0,147.0,136.0,136.0,136.0,94.0,94.0,94.0,153.0,153.0,153.0,153.0,153.0,147.0,147.0,147.0,17.0,17.0,267.0,127.0,9.0,9.0,137.33333333333334,343.0,47.0,54.0,54.0,111.0,34.0,31.0,62.0,62.0,45.0,45.0,45.0,125.0,149.0,101.33333333333331,101.33333333333331,182.0,182.0,78.0,166.0,79.0,336.0,135.0,3.0,3.0,180.0,180.0,180.0,180.0,354.0,354.0,354.0,6.0,6.0,6.0,147.0,147.0,147.0,25.0,118.0,118.0,118.0,286.0,53.0,53.0,272.0,136.0,136.0,73.0,73.0,73.0,208.0,28.0,23.0,23.0,8.0,329.0,153.66666666666666,153.66666666666666,153.66666666666666,233.0,304.0,304.0,76.0,5.0,5.0,5.0,230.0,230.0,230.0,230.0,12.0,12.0,12.0,12.0,12.0,244.0,244.0,244.0,232.0,222.0,222.0,298.0,349.0,349.0,349.0,261.0,323.0,17.0,323.0,225.0,225.0,9.0,60.0,114.66666666666669,315.0,315.0,315.0,15.0,15.0,113.0,113.0,332.0,332.0,105.0,290.0,269.0,269.0,269.0,28.0,51.0,51.0,51.0,111.0,20.0,20.0,20.0,23.0,23.0,23.0,8.0,8.0,132.0,132.0,132.0,132.0,116.0,116.0,141.0,141.0,77.0,77.0,305.0,41.0,96.0,72.0,328.0,220.0,132.0,78.0,78.0,198.0,184.0,359.0,166.0,48.0,48.0,152.0,139.0,122.0,219.0,219.0,81.33333333333333,111.0,191.0,142.66666666666666,6.0,214.0,35.0,281.0,78.0,136.0,20.0,350.0,118.0,219.0,77.0,323.0,5.0,18.0,18.0,342.0,70.0,57.0,70.0,235.0,34.0,332.0,290.0,198.0,306.0,64.0,64.0,64.0,10.0,56.0,281.0
2018,1,4,18,WIN_D_INST,231.0,205.0,330.0,231.0,205.0,292.0,292.0,292.0,351.0,351.0,351.0,351.0,191.0,191.0,191.0,191.0,220.0,220.0,255.0,255.0,220.0,54.0,54.0,239.0,239.0,279.0,279.0,279.0,268.0,268.0,164.0,111.0,111.0,164.0,85.0,85.0,85.0,85.0,85.0,14.0,14.0,14.0,14.0,14.0,14.0,320.0,320.0,8.0,8.0,327.0,339.0,54.0,15.0,334.0,17.0,17.0,17.0,17.0,17.0,17.0,17.0,17.0,21.0,326.0,21.0,326.0,326.0,356.0,356.0,356.0,312.0,328.0,312.0,312.0,312.0,21.0,0.0,337.0,337.0,337.0,305.0,298.0,179.0,357.0,357.0,179.0,179.0,27.0,48.0,82.0,56.0,56.0,37.0,28.0,272.0,17.0,17.0,17.0,17.0,296.0,0.0,0.0,329.0,329.0,199.0,199.0,199.0,346.0,346.0,346.0,28.0,28.0,101.0,298.0,298.0,18.0,320.0,349.0,252.0,290.0,334.0,346.0,304.0,300.0,248.0,232.0,182.0,182.0,149.0,149.0,149.0,149.0,193.0,193.0,1.0,1.0,232.0,232.0,232.0,162.0,162.0,162.0,162.0,162.0,162.0,162.0,164.0,164.0,164.0,85.0,85.0,85.0,170.0,170.0,170.0,170.0,170.0,164.0,164.0,164.0,276.0,276.0,231.0,127.66666666666669,57.0,57.0,182.3333333333333,340.0,39.0,3.0,3.0,3.0,307.0,42.0,56.0,56.0,0.0,0.0,0.0,121.0,203.0,20.0,20.0,265.0,265.0,94.0,68.0,90.0,344.0,338.0,351.0,351.0,149.0,149.0,149.0,149.0,343.0,343.0,343.0,205.0,205.0,205.0,102.0,102.0,102.0,44.0,304.0,304.0,304.0,258.0,93.0,93.0,247.0,196.0,196.0,60.0,60.0,60.0,222.0,290.0,0.0,0.0,23.0,352.0,130.0,130.0,130.0,248.0,279.0,279.0,76.0,13.0,13.0,13.0,281.0,281.0,281.0,281.0,3.0,3.0,3.0,3.0,3.0,261.0,261.0,261.0,252.0,191.0,191.0,309.0,343.0,343.0,343.0,289.0,343.0,0.0,343.0,209.66666666666663,209.66666666666663,11.0,105.0,163.66666666666666,328.0,328.0,328.0,2.0,2.0,106.0,106.0,0.0,0.0,79.0,290.0,14.0,14.0,14.0,43.0,107.0,107.0,107.0,92.66666666666669,17.0,17.0,17.0,62.0,62.0,62.0,56.0,56.0,160.0,160.0,160.0,160.0,119.0,119.0,115.0,115.0,119.0,119.0,291.0,52.0,82.0,72.0,311.0,214.0,129.0,94.0,94.0,184.0,223.0,281.6666666666667,156.0,57.0,57.0,129.0,128.0,79.0,141.0,141.0,43.0,3.0,149.0,205.0,205.0,194.0,328.0,28.0,94.0,164.0,17.0,341.0,129.0,239.0,0.0,343.0,21.0,54.0,54.0,15.0,56.0,48.0,56.0,193.0,307.0,317.0,273.0,318.0,320.0,61.0,61.0,61.0,342.0,82.0,28.0
2018,1,4,21,WIN_D_INST,13.0,138.66666666666666,338.0,13.0,138.66666666666666,283.0,283.0,283.0,338.0,338.0,338.0,338.0,226.0,226.0,226.0,226.0,287.0,287.0,342.0,342.0,287.0,86.0,86.0,249.0,249.0,283.0,283.0,283.0,108.0,108.0,125.0,102.0,102.0,147.0,85.0,85.0,85.0,85.0,85.0,37.0,37.0,37.0,37.0,37.0,37.0,326.0,326.0,354.0,354.0,321.0,262.0,347.0,342.0,322.0,320.0,320.0,320.0,320.0,320.0,320.0,320.0,320.0,344.0,347.0,344.0,347.0,347.0,265.0,265.0,265.0,303.0,324.0,340.0,340.0,340.0,344.0,0.0,326.0,326.0,326.0,292.0,263.0,11.0,213.3333333333333,213.3333333333333,11.0,11.0,108.0,34.0,51.0,56.0,56.0,54.0,25.0,41.0,80.0,80.0,80.0,80.0,182.0,334.0,334.0,286.0,286.0,145.0,145.0,145.0,82.0,82.0,82.0,0.0,0.0,96.0,298.0,298.0,318.0,11.0,321.0,261.0,244.0,301.0,353.0,318.0,272.0,231.0,226.0,253.0,253.0,228.0,228.0,228.0,228.0,116.0,116.0,0.0,0.0,207.0,207.0,207.0,145.0,145.0,145.0,145.0,145.0,145.0,145.0,147.0,147.0,147.0,85.0,85.0,85.0,136.0,136.0,136.0,136.0,136.0,108.0,108.0,108.0,262.0,262.0,253.0,140.66666666666666,54.0,54.0,168.0,8.0,33.0,45.0,45.0,37.0,53.0,28.0,51.0,51.0,6.0,6.0,6.0,110.0,222.0,56.0,56.0,258.0,258.0,104.0,104.0,115.0,292.0,270.0,340.0,340.0,155.0,155.0,155.0,155.0,332.0,332.0,332.0,172.66666666666666,172.66666666666666,172.66666666666666,88.0,88.0,88.0,76.0,141.0,141.0,141.0,269.0,76.0,76.0,221.0,162.0,162.0,203.0,203.0,203.0,239.0,352.0,349.0,349.0,346.0,42.0,137.0,137.0,137.0,231.0,297.0,297.0,70.0,15.0,15.0,15.0,275.0,275.0,275.0,275.0,342.0,342.0,342.0,342.0,342.0,312.0,312.0,312.0,227.0,205.0,205.0,247.0,340.0,340.0,340.0,255.0,317.0,3.0,317.0,266.3333333333333,266.3333333333333,77.0,125.0,216.3333333333333,314.0,314.0,314.0,40.0,40.0,81.0,81.0,48.0,48.0,62.0,295.0,94.0,94.0,94.0,6.0,51.0,51.0,51.0,85.0,14.0,14.0,14.0,40.0,40.0,40.0,51.0,51.0,149.0,149.0,149.0,149.0,82.0,82.0,123.0,123.0,85.0,85.0,268.0,30.0,77.0,75.0,44.0,220.0,110.0,104.0,104.0,173.0,227.0,296.0,153.0,20.0,20.0,68.0,116.0,91.0,37.0,37.0,43.0,37.0,228.0,138.66666666666666,172.66666666666666,200.0,324.0,25.0,104.0,147.0,14.0,6.0,132.0,249.0,334.0,317.0,340.0,347.0,347.0,342.0,56.0,34.0,56.0,116.0,53.0,341.0,163.0,258.0,11.0,76.0,76.0,76.0,341.0,51.0,25.0
2018,1,5,0,WIN_D_INST,168.66666666666666,87.0,277.0,168.66666666666666,87.0,266.0,266.0,266.0,340.0,340.0,340.0,340.0,221.0,221.0,221.0,221.0,195.0,195.0,251.0,251.0,195.0,80.0,80.0,251.0,251.0,266.0,266.0,266.0,128.0,128.0,224.0,122.0,122.0,235.0,79.0,79.0,79.0,79.0,79.0,31.0,31.0,31.0,31.0,31.0,31.0,11.0,11.0,354.0,354.0,350.0,248.0,305.0,337.0,311.0,23.0,23.0,23.0,23.0,23.0,23.0,23.0,23.0,343.0,333.0,343.0,333.0,333.0,335.0,335.0,335.0,60.0,336.0,314.0,314.0,314.0,343.0,77.0,324.0,324.0,324.0,304.0,299.0,11.0,224.0,224.0,11.0,11.0,15.0,43.0,68.0,28.0,28.0,51.0,37.0,2.0,78.0,78.0,78.0,78.0,188.66666666666663,9.0,9.0,40.0,40.0,72.0,72.0,72.0,146.0,146.0,146.0,34.0,34.0,107.0,237.0,237.0,282.6666666666667,119.0,176.33333333333334,261.0,252.0,86.0,323.0,326.0,323.0,191.0,117.0,250.0,250.0,349.0,349.0,349.0,349.0,145.0,145.0,304.0,304.0,289.0,289.0,289.0,164.0,164.0,164.0,164.0,164.0,164.0,164.0,235.0,235.0,235.0,79.0,79.0,79.0,142.0,142.0,142.0,142.0,142.0,0.0,0.0,0.0,262.0,262.0,315.0,121.66666666666669,40.0,40.0,203.0,42.0,41.0,48.0,48.0,235.0,34.0,39.0,42.0,42.0,340.0,340.0,340.0,95.0,31.0,56.0,56.0,252.0,252.0,87.0,96.0,152.0,312.0,138.0,351.0,351.0,307.0,307.0,307.0,307.0,85.0,85.0,85.0,163.0,163.0,163.0,108.0,108.0,108.0,0.0,113.0,113.0,113.0,269.0,76.0,76.0,215.0,181.0,181.0,51.0,51.0,51.0,219.0,0.0,326.0,326.0,20.0,338.0,168.0,168.0,168.0,239.0,336.0,336.0,346.0,27.0,27.0,27.0,266.0,266.0,266.0,266.0,359.0,359.0,359.0,359.0,359.0,258.0,258.0,258.0,247.0,197.0,197.0,230.0,62.0,62.0,62.0,272.0,317.0,3.0,317.0,183.0,183.0,28.0,113.0,221.3333333333333,321.0,321.0,321.0,112.0,112.0,339.0,339.0,54.0,54.0,40.0,338.0,99.0,99.0,99.0,357.0,82.0,82.0,82.0,224.0,354.0,354.0,354.0,105.0,105.0,105.0,309.0,309.0,146.0,146.0,146.0,146.0,317.0,317.0,124.0,124.0,60.0,60.0,260.0,11.0,96.0,54.0,20.0,247.0,124.0,87.0,87.0,209.0,71.0,303.0,190.0,17.0,17.0,96.0,94.0,122.0,63.0,63.0,48.0,235.0,349.0,87.0,163.0,200.0,336.0,37.0,87.0,235.0,354.0,339.0,110.0,251.0,9.0,317.0,347.0,305.0,305.0,337.0,28.0,43.0,28.0,145.0,34.0,330.0,231.0,281.0,119.0,70.0,70.0,70.0,304.0,68.0,37.0
2018,1,5,3,WIN_D_INST,183.4470214268896,178.66600619195046,181.87718676122927,183.4470214268896,178.66600619195046,194.0452296819788,194.0452296819788,194.0452296819788,221.5568489124045,221.5568489124045,221.5568489124045,221.5568489124045,193.06979431476773,193.06979431476773,193.06979431476773,193.06979431476773,165.1465888917068,165.1465888917068,177.98710377244788,177.98710377244788,165.1465888917068,179.75563999050107,179.75563999050107,163.77959682345755,163.77959682345755,183.93138184403887,183.93138184403887,183.93138184403887,160.04253534627367,160.04253534627367,189.7341145204156,174.55029001604345,174.55029001604345,191.5175803839926,172.26551361458456,172.26551361458456,172.26551361458456,172.26551361458456,172.26551361458456,162.31365955473098,162.31365955473098,162.31365955473098,162.31365955473098,162.31365955473098,162.31365955473098,191.11613805970148,191.11613805970148,126.97040605643495,126.97040605643495,147.07613384633322,159.40100125156445,152.94843239317274,151.84301984266762,161.85578635014838,183.12149750029067,183.12149750029067,183.12149750029067,183.12149750029067,183.12149750029067,183.12149750029067,183.12149750029067,183.12149750029067,164.3612314175348,196.2585261149535,164.3612314175348,196.2585261149535,196.2585261149535,150.7687981415821,150.7687981415821,150.7687981415821,164.86544380155115,163.29994114184814,196.7720109017656,196.7720109017656,196.7720109017656,164.3612314175348,94.31272935779816,209.1568033550792,209.1568033550792,209.1568033550792,197.42253683241253,177.29327091866588,179.0683508440562,144.82887266828874,144.82887266828874,179.0683508440562,179.0683508440562,133.5746951219512,173.40306899379172,145.664470642626,160.0454065469905,160.0454065469905,188.4239904988124,179.8910854158896,146.0669984221386,118.4608257095942,118.4608257095942,118.4608257095942,118.4608257095942,157.29818359136902,168.50676391012823,168.50676391012823,206.1398723157284,206.1398723157284,204.6703165912878,204.6703165912878,204.6703165912878,160.32814496457195,160.32814496457195,160.32814496457195,164.66562209842155,164.66562209842155,188.56929885860703,140.9328539951293,140.9328539951293,137.03581608625603,166.57428809722387,157.73989840683444,157.4756433273489,135.74148272552782,160.26694963863716,196.2498256219484,174.2810138356005,197.42598977529423,159.17301605907866,147.37536092396536,176.0949852507375,176.0949852507375,170.09055209055208,170.09055209055208,170.09055209055208,170.09055209055208,193.68899125915428,193.68899125915428,185.25683820120537,185.25683820120537,209.5644207352429,209.5644207352429,209.5644207352429,188.18118547732283,188.18118547732283,188.18118547732283,188.18118547732283,188.18118547732283,188.18118547732283,188.18118547732283,191.5175803839926,191.5175803839926,191.5175803839926,172.26551361458456,172.26551361458456,172.26551361458456,190.36394086394083,190.36394086394083,190.36394086394083,190.36394086394083,190.36394086394083,198.94742364187456,198.94742364187456,198.94742364187456,160.5400989529398,160.5400989529398,151.260793828543,216.39925242378223,148.3322634331907,148.3322634331907,182.2091771040618,179.22241379310344,142.27540720348705,183.53960575643973,183.53960575643973,189.74735372804463,193.5438678147545,160.36957040572793,151.35690711928336,151.35690711928336,127.43398419339842,127.43398419339842,127.43398419339842,166.0797455968689,213.54603474766577,160.29301170627883,160.29301170627883,193.91191352345905,193.91191352345905,180.42160037002776,187.18382968544432,186.5251798561151,213.7225744706305,170.81035535474416,183.69439589886983,183.69439589886983,198.9871902310547,198.9871902310547,198.9871902310547,198.9871902310547,214.42132928396217,214.42132928396217,214.42132928396217,149.50925711640824,149.50925711640824,149.50925711640824,160.40531754324857,160.40531754324857,160.40531754324857,181.9400544959128,187.00231000231,187.00231000231,187.00231000231,203.8637149775164,166.71411901983663,166.71411901983663,203.75228390723825,185.91601292108908,185.91601292108908,197.5869276307841,197.5869276307841,197.5869276307841,200.13811250146185,152.97934430166927,140.60333525014377,140.60333525014377,173.34446376811593,147.78625864696917,188.1144789276657,188.1144789276657,188.1144789276657,169.20845103578154,145.47564670240038,145.47564670240038,168.4591383655346,173.50144682903303,173.50144682903303,173.50144682903303,165.09961685823754,165.09961685823754,165.09961685823754,165.09961685823754,200.3828422053232,200.3828422053232,200.3828422053232,200.3828422053232,200.3828422053232,162.1229459747015,162.1229459747015,162.1229459747015,177.35173135022077,151.18400557944904,151.18400557944904,146.63151026219006,185.69565724959145,185.69565724959145,185.69565724959145,191.78635931558927,185.4264739884393,128.67981737298058,185.4264739884393,186.48909730363425,186.48909730363425,150.0857447817837,156.2069848661234,214.1070969250556,213.9970138968646,213.9970138968646,213.9970138968646,155.0724687535833,155.0724687535833,129.53867339912784,129.53867339912784,118.63781609195402,118.63781609195402,159.68928118149302,168.24272070812953,195.08023159636065,195.08023159636065,195.08023159636065,127.34822914190634,189.9004237288136,189.9004237288136,189.9004237288136,173.36239853364756,165.97945845004668,165.97945845004668,165.97945845004668,118.9622531939605,118.9622531939605,118.9622531939605,180.13578650364448,180.13578650364448,186.85949936555545,186.85949936555545,186.85949936555545,186.85949936555545,165.84729365662503,165.84729365662503,182.3646478550126,182.3646478550126,166.29663275193798,166.29663275193798,159.39768295480616,151.93294293259845,138.10332361516035,147.9084094635746,177.7180377183848,208.2267863306869,185.4214345188533,180.42160037002776,180.42160037002776,158.28700023380875,162.15146617409374,183.49467035136203,152.9754352492249,172.71066683223643,172.71066683223643,183.71597565177444,184.86423374794649,188.8058207217695,172.47989172467132,172.47989172467132,153.80829274384914,189.74735372804463,170.09055209055208,178.66600619195046,149.50925711640824,205.54021650564545,163.29994114184814,179.8910854158896,180.42160037002776,191.5175803839926,165.97945845004668,170.4092150575941,208.72498836668217,163.77959682345755,168.50676391012823,185.4264739884393,154.59809792180346,152.94843239317274,152.94843239317274,151.84301984266762,160.0454065469905,173.40306899379172,160.0454065469905,193.68899125915428,193.5438678147545,196.1754143646409,190.68045598777763,153.58090123745038,166.57428809722387,129.58713230985586,129.58713230985586,129.58713230985586,177.68311127115592,145.664470642626,179.8910854158896
2018,1,5,6,WIN_D_INST,162.0,83.0,162.0,162.0,83.0,300.0,300.0,300.0,280.0,280.0,280.0,280.0,121.0,121.0,121.0,121.0,207.0,207.0,256.0,256.0,207.0,249.0,249.0,321.0,321.0,313.0,313.0,313.0,227.0,227.0,14.0,54.0,54.0,289.0,320.0,320.0,320.0,320.0,320.0,293.0,293.0,293.0,293.0,293.0,293.0,326.0,326.0,244.0,244.0,332.0,295.0,1.0,329.0,281.0,3.0,3.0,3.0,3.0,3.0,3.0,3.0,3.0,327.0,317.0,327.0,317.0,317.0,71.0,71.0,71.0,82.0,311.0,17.0,17.0,17.0,327.0,41.0,314.0,314.0,314.0,311.0,294.0,356.0,341.0,341.0,356.0,356.0,343.0,31.0,20.0,79.0,79.0,28.0,219.0,7.0,276.0,276.0,276.0,276.0,37.0,43.0,43.0,113.0,113.0,123.0,123.0,123.0,256.0,256.0,256.0,0.0,0.0,82.0,273.0,273.0,290.0,258.0,8.0,317.0,281.0,275.0,6.0,349.0,317.0,14.0,116.0,312.0,312.0,42.0,42.0,42.0,42.0,11.0,11.0,345.0,345.0,337.0,337.0,337.0,298.0,298.0,298.0,298.0,298.0,298.0,298.0,289.0,289.0,289.0,320.0,320.0,320.0,235.0,235.0,235.0,235.0,235.0,227.0,227.0,227.0,163.0,163.0,82.0,181.0,28.0,28.0,130.33333333333334,48.0,81.0,34.0,34.0,26.0,335.0,68.0,25.0,25.0,11.0,11.0,11.0,123.0,0.0,42.0,42.0,58.0,58.0,298.0,166.0,160.0,26.0,222.0,40.0,40.0,33.0,33.0,33.0,33.0,60.0,60.0,60.0,73.0,73.0,73.0,91.0,91.0,91.0,25.0,138.0,138.0,138.0,264.0,65.0,65.0,278.0,238.0,238.0,186.0,186.0,186.0,248.0,256.0,233.0,233.0,39.0,59.0,160.0,160.0,160.0,349.0,32.0,32.0,340.0,24.0,24.0,24.0,48.0,48.0,48.0,48.0,5.0,5.0,5.0,5.0,5.0,207.0,207.0,207.0,210.0,183.0,183.0,266.0,201.0,201.0,201.0,351.0,315.0,20.0,315.0,218.0,218.0,227.0,71.0,353.0,318.0,318.0,318.0,100.0,100.0,251.0,251.0,62.0,62.0,354.0,357.0,261.0,261.0,261.0,354.0,51.0,51.0,51.0,320.0,71.0,71.0,71.0,105.0,105.0,105.0,45.0,45.0,110.0,110.0,110.0,110.0,187.0,187.0,134.0,134.0,43.0,43.0,80.0,301.0,88.0,51.0,12.0,345.0,104.0,298.0,298.0,238.0,64.0,195.0,359.0,60.0,60.0,90.0,96.0,128.0,85.0,85.0,57.0,26.0,42.0,83.0,73.0,236.0,311.0,219.0,298.0,289.0,71.0,355.0,110.0,321.0,43.0,315.0,309.0,1.0,1.0,329.0,79.0,31.0,79.0,11.0,335.0,327.0,42.0,283.0,258.0,111.0,111.0,111.0,316.0,20.0,219.0
2018,1,5,9,WIN_D_INST,150.0,147.0,128.0,150.0,147.0,292.0,292.0,292.0,293.0,293.0,293.0,293.0,166.0,166.0,166.0,166.0,224.3333333333333,224.3333333333333,136.0,136.0,224.3333333333333,269.0,269.0,242.0,242.0,271.0,271.0,271.0,200.0,200.0,184.0,289.0,289.0,213.0,184.0,184.0,184.0,184.0,184.0,73.0,73.0,73.0,73.0,73.0,73.0,320.0,320.0,46.0,46.0,336.0,332.0,336.0,354.0,307.0,20.0,20.0,20.0,20.0,20.0,20.0,20.0,20.0,327.0,310.0,327.0,310.0,310.0,257.0,257.0,257.0,325.0,323.0,47.0,47.0,47.0,327.0,48.0,354.0,354.0,354.0,316.0,303.0,1.0,345.0,345.0,1.0,1.0,17.0,34.0,73.0,11.0,11.0,34.0,231.0,125.0,71.0,71.0,71.0,71.0,76.0,326.0,326.0,77.0,77.0,91.0,91.0,91.0,256.0,256.0,256.0,346.0,346.0,73.0,259.0,259.0,213.0,252.0,287.0,289.0,262.0,275.0,315.0,0.0,323.0,250.0,237.0,138.0,138.0,17.0,17.0,17.0,17.0,20.0,20.0,66.0,66.0,346.0,346.0,346.0,227.66666666666663,227.66666666666663,227.66666666666663,227.66666666666663,227.66666666666663,227.66666666666663,227.66666666666663,213.0,213.0,213.0,184.0,184.0,184.0,201.0,201.0,201.0,201.0,201.0,9.0,9.0,9.0,79.0,79.0,65.0,121.0,54.0,54.0,152.33333333333334,101.0,79.0,43.0,43.0,153.0,39.0,53.0,45.0,45.0,23.0,23.0,23.0,135.0,68.0,53.0,53.0,87.0,87.0,298.0,245.0,149.0,227.0,259.0,326.0,326.0,16.0,16.0,16.0,16.0,82.0,82.0,82.0,223.0,223.0,223.0,60.0,60.0,60.0,354.0,132.0,132.0,132.0,272.0,79.0,79.0,241.0,230.0,230.0,254.0,254.0,254.0,242.0,293.0,11.0,11.0,53.0,76.0,115.0,115.0,115.0,304.0,37.0,37.0,25.0,28.0,28.0,28.0,77.0,77.0,77.0,77.0,38.0,38.0,38.0,38.0,38.0,130.66666666666666,130.66666666666666,130.66666666666666,156.0,152.0,152.0,289.0,99.0,99.0,99.0,303.0,349.0,48.0,349.0,300.0,300.0,210.0,74.0,319.0,320.0,320.0,320.0,54.0,54.0,126.0,126.0,34.0,34.0,45.0,6.0,113.0,113.0,113.0,0.0,281.0,281.0,281.0,77.0,9.0,9.0,9.0,62.0,62.0,62.0,25.0,25.0,107.0,107.0,107.0,107.0,119.0,119.0,87.0,87.0,292.0,292.0,282.0,53.0,74.0,60.0,321.0,337.0,166.0,298.0,298.0,224.0,79.0,253.0,333.0,40.0,40.0,84.0,102.0,99.0,43.0,43.0,9.0,153.0,17.0,147.0,223.0,20.0,323.0,231.0,298.0,213.0,9.0,26.0,129.0,242.0,326.0,349.0,331.0,336.0,336.0,354.0,11.0,34.0,11.0,20.0,39.0,321.0,25.0,315.0,252.0,91.0,91.0,91.0,251.0,73.0,231.0
2018,1,5,12,WIN_D_INST,177.0,133.0,54.0,177.0,133.0,272.0,272.0,272.0,334.0,334.0,334.0,334.0,182.0,182.0,182.0,182.0,262.0,262.0,290.0,290.0,262.0,298.0,298.0,253.0,253.0,288.0,288.0,288.0,201.3333333333333,201.3333333333333,354.0,99.0,99.0,145.0,96.0,96.0,96.0,96.0,96.0,70.0,70.0,70.0,70.0,70.0,70.0,281.0,281.0,56.0,56.0,330.0,281.0,26.0,331.0,291.0,45.0,45.0,45.0,45.0,45.0,45.0,45.0,45.0,3.0,314.0,3.0,314.0,314.0,82.0,82.0,82.0,142.0,323.0,34.0,34.0,34.0,3.0,36.0,343.0,343.0,343.0,312.0,309.0,320.0,290.0,290.0,320.0,320.0,63.0,6.0,56.0,14.0,14.0,54.0,228.0,156.0,91.0,91.0,91.0,91.0,40.0,28.0,28.0,48.0,48.0,48.0,48.0,48.0,188.0,188.0,188.0,354.0,354.0,262.0,290.0,290.0,262.0,252.0,321.0,227.0,266.0,277.0,293.0,323.0,356.0,233.0,232.0,37.0,37.0,37.0,37.0,37.0,37.0,43.0,43.0,58.0,58.0,300.0,300.0,300.0,167.0,167.0,167.0,167.0,167.0,167.0,167.0,145.0,145.0,145.0,96.0,96.0,96.0,170.0,170.0,170.0,170.0,170.0,281.0,281.0,281.0,343.0,343.0,152.0,130.33333333333334,31.0,31.0,137.33333333333334,17.0,55.0,60.0,60.0,142.0,0.0,70.0,53.0,53.0,357.0,357.0,357.0,109.0,3.0,338.0,338.0,291.0,291.0,210.0,160.0,124.0,303.0,321.0,34.0,34.0,1.0,1.0,1.0,1.0,306.0,306.0,306.0,7.0,7.0,7.0,85.0,85.0,85.0,138.0,149.0,149.0,149.0,351.0,90.0,90.0,227.0,164.0,164.0,224.0,224.0,224.0,242.0,245.66666666666663,6.0,6.0,56.0,68.0,121.0,121.0,121.0,217.0,56.0,56.0,132.0,15.0,15.0,15.0,102.0,102.0,102.0,102.0,4.0,4.0,4.0,4.0,4.0,108.0,108.0,108.0,190.0,200.0,200.0,320.0,85.0,85.0,85.0,306.0,357.0,79.0,357.0,323.0,323.0,179.0,88.0,301.0,326.0,326.0,326.0,135.0,135.0,120.0,120.0,9.0,9.0,17.0,34.0,269.0,269.0,269.0,34.0,96.0,96.0,96.0,292.0,0.0,0.0,0.0,14.0,14.0,14.0,14.0,14.0,115.0,115.0,115.0,115.0,120.0,120.0,102.0,102.0,289.0,289.0,268.0,25.0,99.0,70.0,332.0,3.0,98.0,210.0,210.0,137.0,99.0,41.0,7.0,11.0,11.0,82.0,45.0,88.0,114.66666666666669,114.66666666666669,79.0,142.0,37.0,133.0,7.0,293.0,323.0,228.0,210.0,145.0,0.0,348.0,118.0,253.0,28.0,357.0,4.0,26.0,26.0,331.0,14.0,6.0,14.0,43.0,0.0,269.0,259.0,2.0,252.0,129.0,129.0,129.0,201.0,56.0,228.0
2018,1,5,15,WIN_D_INST,304.0,350.0,295.0,304.0,350.0,298.0,298.0,298.0,341.0,341.0,341.0,341.0,227.0,227.0,227.0,227.0,278.0,278.0,331.0,331.0,278.0,315.0,315.0,200.0,200.0,303.0,303.0,303.0,213.0,213.0,317.0,54.0,54.0,130.0,111.0,111.0,111.0,111.0,111.0,222.0,222.0,222.0,222.0,222.0,222.0,340.0,340.0,56.0,56.0,356.0,246.0,283.0,348.0,241.0,43.0,43.0,43.0,43.0,43.0,43.0,43.0,43.0,322.0,290.0,322.0,290.0,290.0,96.0,96.0,96.0,311.0,331.0,338.0,338.0,338.0,322.0,15.0,341.0,341.0,341.0,302.0,292.0,299.0,13.0,13.0,299.0,299.0,71.0,343.0,76.0,143.0,143.0,77.0,304.0,181.0,28.0,28.0,28.0,28.0,85.0,354.0,354.0,20.0,20.0,85.0,85.0,85.0,262.0,262.0,262.0,0.0,0.0,87.0,16.0,16.0,255.0,168.0,321.0,269.0,283.0,261.0,251.0,290.0,355.0,231.0,28.0,25.0,25.0,225.0,225.0,225.0,225.0,9.0,9.0,20.0,20.0,167.0,167.0,167.0,162.0,162.0,162.0,162.0,162.0,162.0,162.0,130.0,130.0,130.0,111.0,111.0,111.0,190.0,190.0,190.0,190.0,190.0,235.0,235.0,235.0,20.0,20.0,109.0,143.0,35.0,35.0,199.66666666666663,0.0,39.0,77.0,77.0,115.0,315.0,352.0,3.0,3.0,9.0,9.0,9.0,113.0,11.0,295.0,295.0,269.0,269.0,262.0,65.0,152.0,357.0,205.0,57.0,57.0,182.0,182.0,182.0,182.0,329.0,329.0,329.0,37.0,37.0,37.0,94.0,94.0,94.0,222.0,203.0,203.0,203.0,292.0,79.0,79.0,241.0,210.0,210.0,212.0,212.0,212.0,228.0,253.3333333333333,14.0,14.0,28.0,76.0,127.0,127.0,127.0,262.0,66.0,66.0,135.66666666666666,16.0,16.0,16.0,51.0,51.0,51.0,51.0,356.0,356.0,356.0,356.0,356.0,34.0,34.0,34.0,213.0,200.0,200.0,9.0,77.0,77.0,77.0,312.0,337.0,20.0,337.0,278.0,278.0,162.0,79.0,313.0,325.0,325.0,325.0,207.0,207.0,0.0,0.0,28.0,28.0,6.0,79.0,111.0,111.0,111.0,23.0,278.0,278.0,278.0,317.0,343.0,343.0,343.0,346.0,346.0,346.0,357.0,357.0,177.0,177.0,177.0,177.0,135.0,135.0,102.0,102.0,306.0,306.0,85.0,25.0,162.0,62.0,297.0,305.0,115.0,262.0,262.0,209.0,302.0,110.0,321.0,6.0,6.0,90.0,303.0,136.0,197.0,197.0,105.0,115.0,225.0,350.0,37.0,270.0,331.0,304.0,262.0,130.0,343.0,340.0,135.0,200.0,354.0,337.0,328.0,283.0,283.0,348.0,143.0,343.0,143.0,9.0,315.0,250.0,233.0,38.0,168.0,104.0,104.0,104.0,182.0,76.0,304.0
2018,1,5,18,WIN_D_INST,322.0,80.0,326.0,322.0,80.0,249.0,249.0,249.0,338.0,338.0,338.0,338.0,208.0,208.0,208.0,208.0,45.0,45.0,40.0,40.0,45.0,191.0,191.0,9.0,9.0,288.0,288.0,288.0,193.0,193.0,258.0,139.0,139.0,218.0,303.0,303.0,303.0,303.0,303.0,104.0,104.0,104.0,104.0,104.0,104.0,357.0,357.0,56.0,56.0,345.0,0.0,3.0,340.0,22.0,62.0,62.0,62.0,62.0,62.0,62.0,62.0,62.0,346.0,293.0,346.0,293.0,293.0,68.0,68.0,68.0,24.0,12.0,14.0,14.0,14.0,346.0,46.0,343.0,343.0,343.0,261.0,293.0,292.0,316.0,316.0,292.0,292.0,87.0,26.0,70.0,118.0,118.0,54.0,14.0,162.0,278.0,278.0,278.0,278.0,71.0,34.0,34.0,23.0,23.0,353.0,353.0,353.0,354.0,354.0,354.0,343.0,343.0,357.0,11.0,11.0,173.66666666666666,0.0,45.0,79.0,359.0,13.0,270.0,257.0,237.0,172.33333333333334,326.0,37.0,37.0,228.0,228.0,228.0,228.0,9.0,9.0,11.0,11.0,62.0,62.0,62.0,309.0,309.0,309.0,309.0,309.0,309.0,309.0,218.0,218.0,218.0,303.0,303.0,303.0,198.0,198.0,198.0,198.0,198.0,179.0,179.0,179.0,0.0,0.0,110.0,94.33333333333331,20.0,20.0,136.33333333333334,62.0,292.0,37.0,37.0,160.0,307.0,11.0,34.0,34.0,23.0,23.0,23.0,97.33333333333331,357.0,276.0,276.0,288.0,288.0,280.0,309.0,37.0,340.0,172.0,351.0,351.0,66.0,66.0,66.0,66.0,0.0,0.0,0.0,169.0,169.0,169.0,111.0,111.0,111.0,287.0,118.0,118.0,118.0,298.0,51.0,51.0,215.0,181.0,181.0,228.0,228.0,228.0,233.0,167.0,343.0,343.0,84.0,56.0,273.0,273.0,273.0,101.0,71.0,71.0,250.0,336.0,336.0,336.0,94.0,94.0,94.0,94.0,10.0,10.0,10.0,10.0,10.0,17.0,17.0,17.0,201.0,312.0,312.0,196.0,48.0,48.0,48.0,6.0,26.0,17.0,26.0,326.0,326.0,0.0,45.0,303.0,5.0,5.0,5.0,30.0,30.0,163.0,163.0,79.0,79.0,28.0,281.0,113.0,113.0,113.0,0.0,284.0,284.0,284.0,20.0,349.0,349.0,349.0,71.0,71.0,71.0,25.0,25.0,138.0,138.0,138.0,138.0,94.0,94.0,117.0,117.0,337.0,337.0,261.0,25.0,142.0,99.0,190.0,244.0,62.0,280.0,280.0,139.0,335.0,36.0,18.0,43.0,43.0,281.0,300.0,108.0,110.0,110.0,79.0,160.0,228.0,80.0,169.0,256.0,12.0,14.0,280.0,218.0,349.0,350.0,127.0,9.0,34.0,26.0,357.0,3.0,3.0,340.0,118.0,26.0,118.0,9.0,307.0,249.0,284.0,140.0,0.0,194.0,194.0,194.0,187.0,70.0,14.0
2018,1,5,21,WIN_D_INST,310.0,243.0,315.0,310.0,243.0,181.0,181.0,181.0,352.0,352.0,352.0,352.0,286.0,286.0,286.0,286.0,275.0,275.0,153.0,153.0,275.0,7.0,7.0,22.0,22.0,290.0,290.0,290.0,127.66666666666669,127.66666666666669,332.0,96.0,96.0,164.0,241.0,241.0,241.0,241.0,241.0,31.0,31.0,31.0,31.0,31.0,31.0,354.0,354.0,56.0,56.0,13.0,13.0,17.0,27.0,330.0,23.0,23.0,23.0,23.0,23.0,23.0,23.0,23.0,306.0,31.0,306.0,31.0,31.0,322.0,322.0,322.0,54.0,12.0,12.0,12.0,12.0,306.0,62.0,353.0,353.0,353.0,317.0,308.0,346.0,6.0,6.0,346.0,346.0,23.0,45.0,73.0,174.0,174.0,34.0,3.0,158.0,15.0,15.0,15.0,15.0,262.0,317.0,317.0,20.0,20.0,188.0,188.0,188.0,62.0,62.0,62.0,71.0,71.0,87.0,12.0,12.0,40.0,315.0,37.0,343.0,10.0,255.0,319.0,158.0,253.0,53.0,33.0,48.0,48.0,20.0,20.0,20.0,20.0,14.0,14.0,317.0,317.0,167.0,167.0,167.0,323.0,323.0,323.0,323.0,323.0,323.0,323.0,164.0,164.0,164.0,241.0,241.0,241.0,147.0,147.0,147.0,147.0,147.0,133.0,133.0,133.0,39.0,39.0,70.0,128.0,26.0,26.0,142.66666666666666,62.0,170.0,74.0,74.0,262.0,8.0,0.0,20.0,20.0,14.0,14.0,14.0,180.0,357.0,87.0,87.0,319.0,319.0,215.0,68.0,338.0,345.0,68.0,51.0,51.0,344.0,344.0,344.0,344.0,346.0,346.0,346.0,72.0,72.0,72.0,102.0,102.0,102.0,68.0,197.0,197.0,197.0,281.0,73.0,73.0,170.0,133.0,133.0,237.0,237.0,237.0,248.0,164.33333333333334,68.0,68.0,53.0,79.0,107.0,107.0,107.0,76.0,72.0,72.0,56.0,351.0,351.0,351.0,91.0,91.0,91.0,91.0,24.0,24.0,24.0,24.0,24.0,74.0,74.0,74.0,343.0,39.0,39.0,94.0,37.0,37.0,37.0,190.0,62.0,23.0,62.0,343.0,343.0,37.0,113.0,322.0,307.0,307.0,307.0,282.0,282.0,229.0,229.0,57.0,57.0,28.0,323.0,94.0,94.0,94.0,14.0,79.0,79.0,79.0,48.0,65.0,65.0,65.0,88.0,88.0,88.0,312.0,312.0,172.0,172.0,172.0,172.0,328.0,328.0,116.0,116.0,292.0,292.0,278.0,25.0,139.0,96.0,95.0,354.0,162.0,215.0,215.0,170.0,308.0,317.0,39.0,289.0,289.0,284.0,258.0,62.0,130.0,130.0,140.66666666666666,262.0,20.0,243.0,72.0,228.0,12.0,3.0,215.0,164.0,65.0,14.0,138.0,22.0,317.0,62.0,20.0,17.0,17.0,27.0,174.0,45.0,174.0,14.0,8.0,222.0,158.0,89.0,315.0,195.0,195.0,195.0,163.0,73.0,3.0
2018,1,6,0,WIN_D_INST,290.0,354.0,341.0,290.0,354.0,224.0,224.0,224.0,355.0,355.0,355.0,355.0,343.0,343.0,343.0,343.0,259.0,259.0,201.0,201.0,259.0,83.0,83.0,12.0,12.0,290.0,290.0,290.0,33.0,33.0,334.0,62.0,62.0,176.0,202.0,202.0,202.0,202.0,202.0,56.0,56.0,56.0,56.0,56.0,56.0,34.0,34.0,56.0,56.0,25.0,256.0,74.0,46.0,278.0,94.0,94.0,94.0,94.0,94.0,94.0,94.0,94.0,289.0,168.0,289.0,168.0,168.0,46.0,46.0,46.0,47.0,20.0,305.0,305.0,305.0,289.0,77.0,340.0,340.0,340.0,302.0,184.0,332.0,12.0,12.0,332.0,332.0,39.0,340.0,110.0,110.0,110.0,329.0,14.0,145.0,46.0,46.0,46.0,46.0,97.0,26.0,26.0,62.0,62.0,40.0,40.0,40.0,194.0,194.0,194.0,108.0,108.0,267.0,338.0,338.0,88.66666666666667,317.0,87.0,147.0,47.0,82.0,331.0,129.0,261.0,335.0,58.0,335.0,335.0,48.0,48.0,48.0,48.0,48.0,48.0,4.0,4.0,351.0,351.0,351.0,142.0,142.0,142.0,142.0,142.0,142.0,142.0,176.0,176.0,176.0,202.0,202.0,202.0,156.0,156.0,156.0,156.0,156.0,126.66666666666669,126.66666666666669,126.66666666666669,14.0,14.0,65.0,229.0,332.0,332.0,166.66666666666666,20.0,245.0,40.0,40.0,155.0,8.0,17.0,352.0,352.0,0.0,0.0,0.0,121.0,23.0,270.0,270.0,4.0,4.0,263.0,284.0,59.0,330.0,132.0,23.0,23.0,146.0,146.0,146.0,146.0,9.0,9.0,9.0,76.0,76.0,76.0,159.0,159.0,159.0,46.0,222.0,222.0,222.0,283.0,84.0,84.0,300.0,164.0,164.0,185.0,185.0,185.0,217.0,116.0,73.0,73.0,56.0,98.0,98.0,98.0,98.0,25.0,65.0,65.0,352.0,320.0,320.0,320.0,91.0,91.0,91.0,91.0,21.0,21.0,21.0,21.0,21.0,26.0,26.0,26.0,11.0,11.0,11.0,65.0,20.0,20.0,20.0,159.0,351.0,6.0,351.0,283.0,283.0,23.0,102.0,290.0,316.0,316.0,316.0,45.0,45.0,109.0,109.0,17.0,17.0,0.0,264.0,213.0,213.0,213.0,343.0,53.0,53.0,53.0,323.0,346.0,346.0,346.0,79.0,79.0,79.0,281.0,281.0,155.0,155.0,155.0,155.0,288.0,288.0,143.0,143.0,315.0,315.0,266.0,25.0,128.0,96.0,185.0,21.0,295.0,263.0,263.0,229.66666666666663,295.0,16.0,326.0,269.0,269.0,276.0,303.0,332.0,140.0,140.0,45.0,155.0,48.0,354.0,76.0,233.0,20.0,14.0,263.0,176.0,346.0,344.0,110.0,12.0,26.0,351.0,71.66666666666667,74.0,74.0,46.0,110.0,340.0,110.0,48.0,8.0,219.0,160.0,95.0,317.0,212.0,212.0,212.0,216.0,110.0,14.0
2018,1,6,3,WIN_D_INST,351.0,23.0,310.0,351.0,23.0,238.0,238.0,238.0,359.0,359.0,359.0,359.0,2.0,2.0,2.0,2.0,82.0,82.0,66.0,66.0,82.0,78.0,78.0,10.0,10.0,40.0,40.0,40.0,33.0,33.0,340.0,74.0,74.0,235.0,122.0,122.0,122.0,122.0,122.0,329.0,329.0,329.0,329.0,329.0,329.0,317.0,317.0,52.0,52.0,59.0,100.0,66.0,104.0,8.0,94.0,94.0,94.0,94.0,94.0,94.0,94.0,94.0,349.0,91.0,349.0,91.0,91.0,78.0,78.0,78.0,78.0,74.0,314.0,314.0,314.0,349.0,27.0,343.0,343.0,343.0,318.0,58.0,25.0,342.0,342.0,25.0,25.0,332.0,34.0,101.0,90.0,90.0,34.0,76.0,163.0,39.0,39.0,39.0,39.0,41.0,334.0,334.0,187.0,187.0,191.0,191.0,191.0,39.0,39.0,39.0,14.0,14.0,183.0,65.0,65.0,84.0,105.0,90.0,108.0,73.0,59.0,10.0,338.0,6.0,34.0,69.0,127.0,127.0,23.0,23.0,23.0,23.0,337.0,337.0,322.0,322.0,62.0,62.0,62.0,0.0,0.0,0.0,0.0,0.0,0.0,0.0,235.0,235.0,235.0,122.0,122.0,122.0,179.0,179.0,179.0,179.0,179.0,247.0,247.0,247.0,14.0,14.0,14.0,163.0,88.0,88.0,196.66666666666663,121.0,171.0,20.0,20.0,146.0,329.0,14.0,56.0,56.0,320.0,320.0,320.0,67.0,14.0,0.0,0.0,287.0,287.0,255.0,329.0,28.0,44.0,110.0,20.0,20.0,185.0,185.0,185.0,185.0,255.0,255.0,255.0,76.0,76.0,76.0,238.0,238.0,238.0,155.0,256.0,256.0,256.0,278.0,73.0,73.0,230.0,162.0,162.0,115.0,115.0,115.0,214.0,62.0,87.0,87.0,53.0,53.0,152.0,152.0,152.0,98.0,318.0,318.0,191.0,57.0,57.0,57.0,108.0,108.0,108.0,108.0,359.0,359.0,359.0,359.0,359.0,6.0,6.0,6.0,346.0,6.0,6.0,60.0,340.0,340.0,340.0,193.0,334.0,9.0,334.0,317.0,317.0,204.0,99.0,272.0,19.0,19.0,19.0,221.0,221.0,232.0,232.0,94.0,94.0,354.0,298.0,153.0,153.0,153.0,43.0,262.0,262.0,262.0,14.0,26.0,26.0,26.0,130.0,130.0,130.0,326.0,326.0,143.0,143.0,143.0,143.0,251.0,251.0,90.0,90.0,62.0,62.0,250.0,25.0,179.0,93.0,9.0,172.0,312.0,255.0,255.0,12.0,259.0,135.0,4.0,255.0,255.0,298.0,300.0,332.0,120.0,120.0,130.33333333333334,146.0,23.0,23.0,76.0,250.0,74.0,76.0,255.0,235.0,26.0,85.0,129.0,10.0,334.0,334.0,83.0,66.0,66.0,104.0,90.0,34.0,90.0,337.0,329.0,351.0,0.0,48.0,105.0,219.0,219.0,219.0,305.0,101.0,76.0
2018,1,6,6,WIN_D_INST,103.0,130.0,164.0,103.0,130.0,116.0,116.0,116.0,275.0,275.0,275.0,275.0,49.0,49.0,49.0,49.0,159.33333333333334,159.33333333333334,211.0,211.0,159.33333333333334,113.0,113.0,342.0,342.0,4.0,4.0,4.0,11.0,11.0,340.0,351.0,351.0,249.0,306.0,306.0,306.0,306.0,306.0,23.0,23.0,23.0,23.0,23.0,23.0,340.0,340.0,74.0,74.0,78.0,90.0,106.0,105.0,77.0,91.0,91.0,91.0,91.0,91.0,91.0,91.0,91.0,347.0,50.0,347.0,50.0,50.0,111.0,111.0,111.0,71.0,101.0,312.0,312.0,312.0,347.0,34.0,250.0,250.0,250.0,46.0,32.0,358.0,41.0,41.0,358.0,358.0,277.0,334.0,98.0,121.0,121.0,54.0,96.0,137.0,1.0,1.0,1.0,1.0,12.0,11.0,11.0,62.0,62.0,196.0,196.0,196.0,14.0,14.0,14.0,0.0,0.0,191.0,66.0,66.0,60.0,326.0,87.0,122.0,79.0,271.0,23.0,101.0,72.0,256.0,116.0,242.0,242.0,53.0,53.0,53.0,53.0,68.0,68.0,69.0,69.0,96.0,96.0,96.0,332.0,332.0,332.0,332.0,332.0,332.0,332.0,249.0,249.0,249.0,306.0,306.0,306.0,190.0,190.0,190.0,190.0,190.0,247.0,247.0,247.0,25.0,25.0,113.0,100.0,43.0,43.0,191.66666666666663,352.0,100.0,54.0,54.0,143.0,326.0,138.0,53.0,53.0,326.0,326.0,326.0,60.0,259.0,62.0,62.0,248.0,248.0,261.0,270.0,6.0,245.0,200.0,43.0,43.0,339.0,339.0,339.0,339.0,224.0,224.0,224.0,272.0,272.0,272.0,0.0,0.0,0.0,79.0,295.0,295.0,295.0,315.0,132.0,132.0,303.0,244.0,244.0,208.0,208.0,208.0,219.0,70.0,65.0,65.0,110.0,11.0,304.0,304.0,304.0,23.0,99.0,99.0,135.0,103.0,103.0,103.0,96.0,96.0,96.0,96.0,356.0,356.0,356.0,356.0,356.0,6.0,6.0,6.0,45.0,17.0,17.0,105.0,9.0,9.0,9.0,317.0,354.0,28.0,354.0,329.0,329.0,213.0,153.0,290.0,356.0,356.0,356.0,16.0,16.0,167.0,167.0,54.0,54.0,28.0,329.0,62.0,62.0,62.0,17.0,62.0,62.0,62.0,346.0,139.0,139.0,139.0,17.0,17.0,17.0,298.0,298.0,115.0,115.0,115.0,115.0,206.0,206.0,137.0,137.0,190.0,190.0,320.0,25.0,218.0,63.0,1.0,31.0,326.0,261.0,261.0,93.0,339.0,159.0,357.0,261.0,261.0,295.0,312.0,332.0,68.0,68.0,108.0,143.0,53.0,130.0,272.0,205.0,101.0,96.0,261.0,249.0,139.0,70.0,48.0,342.0,11.0,354.0,81.0,106.0,106.0,105.0,121.0,334.0,121.0,68.0,326.0,31.0,135.0,222.0,326.0,159.0,159.0,159.0,341.0,98.0,96.0
2018,1,6,9,WIN_D_INST,290.0,172.0,146.0,290.0,172.0,215.0,215.0,215.0,115.0,115.0,115.0,115.0,156.0,156.0,156.0,156.0,215.0,215.0,214.0,214.0,215.0,8.0,8.0,286.0,286.0,353.0,353.0,353.0,28.0,28.0,247.0,320.0,320.0,207.0,99.0,99.0,99.0,99.0,99.0,37.0,37.0,37.0,37.0,37.0,37.0,315.0,315.0,57.0,57.0,79.0,344.0,81.0,63.0,67.0,108.0,108.0,108.0,108.0,108.0,108.0,108.0,108.0,309.0,152.0,309.0,152.0,152.0,45.0,45.0,45.0,58.0,111.0,285.0,285.0,285.0,309.0,260.0,137.0,137.0,137.0,54.0,34.0,333.0,7.0,7.0,333.0,333.0,359.0,320.0,284.0,70.0,70.0,102.0,79.0,165.0,68.0,68.0,68.0,68.0,140.0,54.0,54.0,170.0,170.0,174.0,174.0,174.0,256.0,256.0,256.0,68.0,68.0,270.0,76.0,76.0,98.0,28.0,84.0,34.0,81.0,269.0,335.0,65.0,68.0,278.0,167.0,203.0,203.0,48.0,48.0,48.0,48.0,272.0,272.0,95.0,95.0,94.0,94.0,94.0,88.0,88.0,88.0,88.0,88.0,88.0,88.0,207.0,207.0,207.0,99.0,99.0,99.0,167.0,167.0,167.0,167.0,167.0,283.0,283.0,283.0,48.0,48.0,53.0,171.0,6.0,6.0,196.66666666666663,354.0,50.0,17.0,17.0,177.0,8.0,93.0,56.0,56.0,349.0,349.0,349.0,90.0,152.0,23.0,23.0,104.0,104.0,246.0,329.0,346.0,237.0,129.0,34.0,34.0,175.0,175.0,175.0,175.0,283.0,283.0,283.0,195.0,195.0,195.0,122.0,122.0,122.0,158.0,290.0,290.0,290.0,258.0,253.0,253.0,215.0,162.0,162.0,254.0,254.0,254.0,225.0,39.0,39.0,39.0,31.0,20.0,124.0,124.0,124.0,357.0,78.0,78.0,352.0,41.0,41.0,41.0,113.0,113.0,113.0,113.0,334.0,334.0,334.0,334.0,334.0,0.0,0.0,0.0,207.0,11.0,11.0,26.0,9.0,9.0,9.0,349.0,0.0,23.0,0.0,285.3333333333333,285.3333333333333,184.0,258.0,321.0,302.0,302.0,302.0,7.0,7.0,192.0,192.0,94.0,94.0,31.0,73.0,145.0,145.0,145.0,20.0,267.0,267.0,267.0,306.0,3.0,3.0,3.0,60.0,60.0,60.0,45.0,45.0,115.0,115.0,115.0,115.0,192.0,192.0,107.0,107.0,6.0,6.0,106.0,25.0,145.0,45.0,44.0,327.0,335.0,246.0,246.0,93.0,72.0,125.0,8.0,281.0,281.0,295.0,326.0,323.0,95.0,95.0,65.0,177.0,48.0,172.0,195.0,205.0,111.0,79.0,246.0,207.0,3.0,109.0,11.0,286.0,54.0,0.0,74.0,81.0,81.0,63.0,70.0,320.0,70.0,272.0,8.0,4.0,124.0,49.0,28.0,159.0,159.0,159.0,22.0,284.0,79.0
2018,1,6,12,WIN_D_INST,244.0,202.3333333333333,53.0,244.0,202.3333333333333,190.0,190.0,190.0,338.0,338.0,338.0,338.0,232.0,232.0,232.0,232.0,271.0,271.0,219.0,219.0,271.0,147.0,147.0,237.0,237.0,110.0,110.0,110.0,56.0,56.0,198.0,221.0,221.0,130.0,201.0,201.0,201.0,201.0,201.0,73.0,73.0,73.0,73.0,73.0,73.0,26.0,26.0,47.0,47.0,72.0,54.0,94.0,73.0,68.0,88.0,88.0,88.0,88.0,88.0,88.0,88.0,88.0,316.0,304.0,316.0,304.0,304.0,130.0,130.0,130.0,59.0,80.0,293.0,293.0,293.0,316.0,194.0,176.0,176.0,176.0,191.0,239.0,31.0,18.0,18.0,31.0,31.0,86.0,343.0,259.0,276.0,276.0,102.0,96.0,179.0,38.0,38.0,38.0,38.0,141.0,91.0,91.0,292.0,292.0,311.0,311.0,311.0,236.0,236.0,236.0,68.0,68.0,250.0,130.0,130.0,42.0,315.0,20.0,9.0,3.0,309.0,343.0,87.0,95.0,245.0,172.0,307.0,307.0,42.0,42.0,42.0,42.0,269.0,269.0,306.0,306.0,159.0,159.0,159.0,142.0,142.0,142.0,142.0,142.0,142.0,142.0,130.0,130.0,130.0,201.0,201.0,201.0,173.0,173.0,173.0,173.0,173.0,51.0,51.0,51.0,23.0,23.0,146.0,179.0,20.0,20.0,159.33333333333334,96.0,54.0,102.0,102.0,188.0,222.0,56.0,87.0,87.0,0.0,0.0,0.0,35.0,169.0,31.0,31.0,228.0,228.0,214.0,20.0,17.0,261.0,138.0,0.0,0.0,167.0,167.0,167.0,167.0,286.0,286.0,286.0,9.0,9.0,9.0,94.0,94.0,94.0,79.0,278.0,278.0,278.0,269.0,155.0,155.0,40.0,179.0,179.0,203.0,203.0,203.0,236.0,48.0,48.0,48.0,20.0,65.0,138.0,138.0,138.0,315.0,84.0,84.0,135.0,285.0,285.0,285.0,153.0,153.0,153.0,153.0,211.0,211.0,211.0,211.0,211.0,17.0,17.0,17.0,258.0,338.0,338.0,82.0,332.0,332.0,332.0,320.0,340.0,20.0,340.0,172.0,172.0,11.0,170.0,322.0,223.0,223.0,223.0,46.0,46.0,0.0,0.0,79.0,79.0,6.0,42.0,85.0,85.0,85.0,11.0,256.0,256.0,256.0,300.0,34.0,34.0,34.0,31.0,31.0,31.0,42.0,42.0,143.0,143.0,143.0,143.0,94.0,94.0,136.0,136.0,17.0,17.0,297.0,25.0,170.0,106.0,190.0,176.0,321.0,214.0,214.0,93.0,54.0,83.0,351.0,289.0,289.0,273.0,281.0,326.0,301.0,301.0,17.0,188.0,42.0,202.3333333333333,9.0,205.0,80.0,96.0,214.0,130.0,34.0,73.0,70.0,237.0,91.0,340.0,81.0,94.0,94.0,73.0,276.0,343.0,276.0,269.0,222.0,67.0,124.0,101.0,315.0,199.0,199.0,199.0,72.0,259.0,96.0
2018,1,6,15,WIN_D_INST,231.0,313.0,318.0,231.0,313.0,62.0,62.0,62.0,18.0,18.0,18.0,18.0,196.0,196.0,196.0,196.0,227.0,227.0,259.0,259.0,227.0,25.0,25.0,243.0,243.0,69.0,69.0,69.0,108.0,108.0,221.0,272.0,272.0,153.0,91.0,91.0,91.0,91.0,91.0,239.0,239.0,239.0,239.0,239.0,239.0,306.0,306.0,35.0,35.0,72.0,134.33333333333334,70.0,66.0,61.0,71.0,71.0,71.0,71.0,71.0,71.0,71.0,71.0,81.0,300.0,81.0,300.0,300.0,147.0,147.0,147.0,81.0,42.0,291.0,291.0,291.0,81.0,48.0,123.0,123.0,123.0,282.0,14.0,74.0,34.0,34.0,74.0,74.0,352.0,351.0,20.0,357.0,357.0,34.0,42.0,38.0,109.0,109.0,109.0,109.0,72.0,85.0,85.0,272.0,272.0,308.0,308.0,308.0,183.0,183.0,183.0,54.0,54.0,239.0,10.0,10.0,141.0,258.0,147.0,184.0,326.0,132.0,249.0,37.0,130.66666666666666,315.0,185.0,242.0,242.0,25.0,25.0,25.0,25.0,326.0,326.0,323.0,323.0,238.0,238.0,238.0,147.0,147.0,147.0,147.0,147.0,147.0,147.0,153.0,153.0,153.0,91.0,91.0,91.0,179.0,179.0,179.0,179.0,179.0,145.0,145.0,145.0,309.0,309.0,307.0,171.0,17.0,17.0,173.66666666666666,39.0,149.0,128.0,128.0,200.0,68.0,84.0,51.0,51.0,37.0,37.0,37.0,152.0,197.0,141.0,141.0,227.0,227.0,222.0,318.0,23.0,314.0,248.0,349.0,349.0,143.0,143.0,143.0,143.0,281.0,281.0,281.0,79.0,79.0,79.0,167.0,167.0,167.0,321.0,256.0,256.0,256.0,289.0,172.0,172.0,249.0,184.0,184.0,226.0,226.0,226.0,242.0,357.0,42.0,42.0,338.0,17.0,329.0,329.0,329.0,205.0,292.0,292.0,188.0,348.0,348.0,348.0,298.0,298.0,298.0,298.0,314.0,314.0,314.0,314.0,314.0,34.0,34.0,34.0,196.66666666666663,343.0,343.0,309.0,323.0,323.0,323.0,326.0,326.0,28.0,326.0,165.66666666666666,165.66666666666666,17.0,65.0,307.0,347.0,347.0,347.0,275.0,275.0,134.0,134.0,43.0,43.0,9.0,76.0,142.0,142.0,142.0,26.0,62.0,62.0,62.0,135.0,0.0,0.0,0.0,28.0,28.0,28.0,62.0,62.0,160.0,160.0,160.0,160.0,165.0,165.0,137.0,137.0,71.0,71.0,311.0,25.0,173.0,288.0,179.0,46.0,293.0,222.0,222.0,93.0,70.0,129.0,356.0,292.0,292.0,281.0,278.0,343.0,119.0,119.0,51.0,200.0,25.0,313.0,79.0,191.0,42.0,42.0,222.0,153.0,0.0,74.0,143.0,243.0,85.0,326.0,88.0,70.0,70.0,66.0,357.0,351.0,357.0,326.0,68.0,217.0,110.0,106.0,258.0,40.0,40.0,40.0,119.0,20.0,42.0
2018,1,6,18,WIN_D_INST,215.0,218.0,251.66666666666663,215.0,218.0,60.333333333333336,60.333333333333336,60.333333333333336,356.0,356.0,356.0,356.0,239.0,239.0,239.0,239.0,186.0,186.0,265.0,265.0,186.0,169.0,169.0,140.0,140.0,161.0,161.0,161.0,259.0,259.0,221.0,272.0,272.0,145.0,79.0,79.0,79.0,79.0,79.0,178.0,178.0,178.0,178.0,178.0,178.0,34.0,34.0,27.0,27.0,66.0,306.0,76.0,37.0,73.0,23.0,23.0,23.0,23.0,23.0,23.0,23.0,23.0,72.0,140.0,72.0,140.0,140.0,353.0,353.0,353.0,247.0,64.0,326.0,326.0,326.0,72.0,258.0,324.0,324.0,324.0,304.0,49.0,37.0,54.0,54.0,37.0,37.0,21.0,312.0,56.0,34.0,34.0,54.0,25.0,30.0,52.0,52.0,52.0,52.0,93.0,94.0,94.0,295.0,295.0,305.0,305.0,305.0,132.0,132.0,132.0,74.0,74.0,357.0,1.0,1.0,37.0,176.0,338.0,346.0,357.0,334.0,337.0,164.0,252.0,354.0,155.0,222.0,222.0,158.0,158.0,158.0,158.0,147.0,147.0,98.0,98.0,9.0,9.0,9.0,147.0,147.0,147.0,147.0,147.0,147.0,147.0,145.0,145.0,145.0,79.0,79.0,79.0,147.0,147.0,147.0,147.0,147.0,94.0,94.0,94.0,233.0,233.0,307.0,123.0,14.0,14.0,194.66666666666663,87.0,168.0,343.0,343.0,124.0,352.0,3.0,11.0,11.0,9.0,9.0,9.0,131.0,233.0,304.0,304.0,245.0,245.0,124.0,284.0,6.0,190.3333333333333,284.0,0.0,0.0,170.0,170.0,170.0,170.0,247.0,247.0,247.0,100.0,100.0,100.0,247.0,247.0,247.0,315.0,177.0,177.0,177.0,167.0,239.0,239.0,54.0,176.0,176.0,171.33333333333334,171.33333333333334,171.33333333333334,183.0,25.0,39.0,39.0,273.0,0.0,169.0,169.0,169.0,250.0,63.0,63.0,14.0,79.0,79.0,79.0,269.0,269.0,269.0,269.0,26.0,26.0,26.0,26.0,26.0,133.0,133.0,133.0,201.0,357.0,357.0,283.0,357.0,357.0,357.0,266.0,332.0,43.0,332.0,154.33333333333334,154.33333333333334,40.0,68.0,318.0,317.0,317.0,317.0,21.0,21.0,60.0,60.0,14.0,14.0,0.0,79.0,300.0,300.0,300.0,20.0,59.0,59.0,59.0,272.0,28.0,28.0,28.0,94.0,94.0,94.0,39.0,39.0,169.0,169.0,169.0,169.0,203.0,203.0,123.0,123.0,23.0,23.0,231.0,25.0,249.0,259.0,110.0,2.0,343.0,124.0,124.0,342.0,86.0,132.0,276.0,272.0,272.0,270.0,278.0,295.0,163.0,163.0,111.0,124.0,158.0,218.0,100.0,205.0,64.0,25.0,124.0,145.0,28.0,48.0,188.0,140.0,94.0,332.0,68.0,76.0,76.0,37.0,34.0,312.0,34.0,147.0,352.0,217.0,278.0,331.0,176.0,63.0,63.0,63.0,347.0,56.0,25.0
2018,1,6,21,WIN_D_INST,194.0,192.0,303.0,194.0,192.0,20.0,20.0,20.0,345.0,345.0,345.0,345.0,206.0,206.0,206.0,206.0,212.0,212.0,253.0,253.0,212.0,341.0,341.0,128.0,128.0,167.66666666666666,167.66666666666666,167.66666666666666,286.0,286.0,261.0,326.0,326.0,145.0,79.0,79.0,79.0,79.0,79.0,149.0,149.0,149.0,149.0,149.0,149.0,130.0,130.0,68.0,68.0,74.0,359.0,70.0,17.0,57.0,334.0,334.0,334.0,334.0,334.0,334.0,334.0,334.0,88.0,124.0,88.0,124.0,124.0,77.0,77.0,77.0,290.0,116.0,307.0,307.0,307.0,88.0,0.0,44.0,44.0,44.0,84.0,23.0,308.0,13.0,13.0,308.0,308.0,10.0,337.0,28.0,318.0,318.0,349.0,3.0,38.0,99.0,99.0,99.0,99.0,70.0,37.0,37.0,354.0,354.0,306.0,306.0,306.0,124.0,124.0,124.0,48.0,48.0,127.0,17.0,17.0,19.0,145.0,42.0,340.0,13.0,236.0,249.0,264.0,272.0,0.0,49.0,315.0,315.0,194.0,194.0,194.0,194.0,247.0,247.0,163.33333333333334,163.33333333333334,207.0,207.0,207.0,96.0,96.0,96.0,96.0,96.0,96.0,96.0,145.0,145.0,145.0,79.0,79.0,79.0,201.0,201.0,201.0,201.0,201.0,105.0,105.0,105.0,253.0,253.0,267.0,185.0,26.0,26.0,166.0,340.0,174.0,199.3333333333333,199.3333333333333,115.0,0.0,335.0,349.0,349.0,354.0,354.0,354.0,128.0,0.0,295.0,295.0,120.0,120.0,296.0,304.0,346.0,165.33333333333334,259.0,11.0,11.0,140.0,140.0,140.0,140.0,343.0,343.0,343.0,79.0,79.0,79.0,309.0,309.0,309.0,276.6666666666667,239.0,239.0,239.0,187.0,228.0,228.0,221.0,167.0,167.0,72.0,72.0,72.0,222.0,59.0,20.0,20.0,304.0,6.0,346.0,346.0,346.0,245.0,347.0,347.0,62.0,343.0,343.0,343.0,300.0,300.0,300.0,300.0,7.0,7.0,7.0,7.0,7.0,343.0,343.0,343.0,221.0,248.0,248.0,300.0,329.0,329.0,329.0,306.0,309.0,357.0,309.0,246.0,246.0,48.0,298.0,317.0,315.0,315.0,315.0,41.0,41.0,124.0,124.0,116.0,116.0,349.0,84.0,215.0,215.0,215.0,11.0,101.0,101.0,101.0,283.0,31.0,31.0,31.0,37.0,37.0,37.0,307.0,307.0,146.0,146.0,146.0,146.0,145.0,145.0,109.0,109.0,320.0,320.0,63.0,25.0,320.0,220.0,179.0,5.0,295.0,296.0,296.0,318.0,103.0,307.0,342.0,272.0,272.0,259.0,300.0,315.0,99.0,99.0,312.0,115.0,194.0,192.0,79.0,200.0,116.0,3.0,296.0,145.0,31.0,129.0,146.0,128.0,37.0,309.0,59.0,70.0,70.0,17.0,318.0,337.0,318.0,247.0,0.0,211.0,152.0,42.0,145.0,70.0,70.0,70.0,214.0,28.0,3.0
2018,1,7,0,WIN_D_INST,198.0,203.0,290.0,198.0,203.0,207.0,207.0,207.0,250.0,250.0,250.0,250.0,160.0,160.0,160.0,160.0,239.0,239.0,187.0,187.0,239.0,29.0,29.0,242.0,242.0,232.0,232.0,232.0,242.0,242.0,232.0,323.0,323.0,133.0,88.0,88.0,88.0,88.0,88.0,174.0,174.0,174.0,174.0,174.0,174.0,130.0,130.0,336.0,336.0,68.0,50.0,114.0,288.0,59.0,298.0,298.0,298.0,298.0,298.0,298.0,298.0,298.0,75.0,165.0,75.0,165.0,165.0,330.0,330.0,330.0,299.0,162.0,302.0,302.0,302.0,75.0,273.0,2.0,2.0,2.0,40.0,40.0,2.0,59.0,59.0,2.0,2.0,29.0,23.0,53.0,278.0,278.0,14.0,39.0,23.0,40.0,40.0,40.0,40.0,84.0,323.0,323.0,283.0,283.0,346.0,346.0,346.0,163.0,163.0,163.0,60.0,60.0,62.0,24.0,24.0,37.0,215.0,23.0,9.0,31.0,49.0,214.0,208.0,328.0,357.0,48.0,329.0,329.0,180.0,180.0,180.0,180.0,213.0,213.0,310.0,310.0,190.0,190.0,190.0,125.0,125.0,125.0,125.0,125.0,125.0,125.0,133.0,133.0,133.0,88.0,88.0,88.0,190.0,190.0,190.0,190.0,190.0,349.0,349.0,349.0,231.0,231.0,191.0,164.0,57.0,57.0,210.0,352.0,249.0,252.0,252.0,149.0,11.0,62.0,338.0,338.0,11.0,11.0,11.0,168.66666666666666,270.0,231.0,231.0,234.0,234.0,237.0,321.0,8.0,29.0,87.0,329.0,329.0,285.0,285.0,285.0,285.0,26.0,26.0,26.0,187.0,187.0,187.0,252.0,252.0,252.0,248.0,118.0,118.0,118.0,232.0,231.0,231.0,0.0,181.0,181.0,65.0,65.0,65.0,228.0,0.0,0.0,0.0,309.0,323.0,228.0,228.0,228.0,214.0,88.0,88.0,163.0,350.0,350.0,350.0,286.0,286.0,286.0,286.0,328.0,328.0,328.0,328.0,328.0,266.0,266.0,266.0,204.0,180.0,180.0,281.0,337.0,337.0,337.0,278.0,315.0,20.0,315.0,212.0,212.0,159.33333333333334,238.0,304.0,328.0,328.0,328.0,232.0,232.0,66.0,66.0,128.0,128.0,14.0,82.0,162.0,162.0,162.0,14.0,51.0,51.0,51.0,312.0,28.0,28.0,28.0,340.0,340.0,340.0,349.0,349.0,155.0,155.0,155.0,155.0,177.0,177.0,100.0,100.0,54.0,54.0,254.0,25.0,164.0,192.0,171.0,178.0,284.0,237.0,237.0,306.0,110.0,317.0,57.0,261.0,261.0,284.0,266.0,329.0,197.0,197.0,9.0,149.0,180.0,203.0,187.0,200.0,162.0,39.0,237.0,133.0,28.0,215.0,259.0,242.0,323.0,315.0,47.0,114.0,114.0,288.0,278.0,23.0,278.0,213.0,11.0,222.0,239.0,48.0,215.0,59.0,59.0,59.0,172.0,53.0,39.0
2018,1,7,3,WIN_D_INST,142.0,241.0,101.0,142.0,241.0,218.0,218.0,218.0,288.0,288.0,288.0,288.0,211.0,211.0,211.0,211.0,263.0,263.0,222.0,222.0,263.0,118.0,118.0,218.0,218.0,254.0,254.0,254.0,226.0,226.0,173.0,65.0,65.0,91.0,6.0,6.0,6.0,6.0,6.0,141.0,141.0,141.0,141.0,141.0,141.0,139.0,139.0,287.0,287.0,263.0,345.0,283.0,279.0,49.0,337.0,337.0,337.0,337.0,337.0,337.0,337.0,337.0,139.0,102.0,139.0,102.0,102.0,54.0,54.0,54.0,302.0,273.0,275.0,275.0,275.0,139.0,273.0,314.0,314.0,314.0,6.0,31.0,57.0,37.0,37.0,57.0,57.0,61.0,329.0,42.0,318.0,318.0,37.0,70.0,50.0,355.0,355.0,355.0,355.0,85.0,317.0,317.0,275.0,275.0,327.0,327.0,327.0,191.0,191.0,191.0,82.0,82.0,172.0,20.0,20.0,41.0,119.0,14.0,17.0,27.0,359.0,204.0,281.0,294.0,121.0,47.0,17.0,17.0,262.0,262.0,262.0,262.0,150.0,150.0,350.0,350.0,317.0,317.0,317.0,173.0,173.0,173.0,173.0,173.0,173.0,173.0,91.0,91.0,91.0,6.0,6.0,6.0,210.0,210.0,210.0,210.0,210.0,351.0,351.0,351.0,208.0,208.0,141.0,189.0,28.0,28.0,190.0,326.0,60.0,334.0,334.0,245.0,340.0,25.0,34.0,34.0,68.0,68.0,68.0,125.0,20.0,264.0,264.0,301.0,301.0,285.0,236.0,354.0,353.0,82.0,266.0,266.0,152.0,152.0,152.0,152.0,346.0,346.0,346.0,258.0,258.0,258.0,269.0,269.0,269.0,248.0,203.0,203.0,203.0,275.0,228.0,228.0,210.0,201.0,201.0,212.0,212.0,212.0,219.0,338.0,349.0,349.0,315.0,295.0,307.0,307.0,307.0,231.0,262.0,262.0,295.0,9.0,9.0,9.0,283.0,283.0,283.0,283.0,350.0,350.0,350.0,350.0,350.0,198.0,198.0,198.0,108.0,186.0,186.0,198.0,0.0,0.0,0.0,261.0,283.0,23.0,283.0,217.3333333333333,217.3333333333333,340.0,167.0,344.0,305.0,305.0,305.0,7.0,7.0,126.0,126.0,354.0,354.0,37.0,301.0,136.0,136.0,136.0,31.0,301.0,301.0,301.0,17.0,91.0,91.0,91.0,28.0,28.0,28.0,3.0,3.0,146.0,146.0,146.0,146.0,171.0,171.0,107.0,107.0,286.0,286.0,316.0,25.0,122.0,307.0,351.0,67.0,298.0,285.0,285.0,2.0,83.0,185.0,25.0,266.0,266.0,301.0,315.0,317.0,171.0,171.0,45.0,245.0,262.0,241.0,258.0,200.0,273.0,70.0,285.0,91.0,91.0,271.0,90.0,218.0,317.0,283.0,334.0,283.0,283.0,279.0,318.0,329.0,318.0,150.0,340.0,190.0,59.0,106.0,119.0,78.0,78.0,78.0,241.0,42.0,70.0
2018,1,7,6,WIN_D_INST,128.0,172.0,210.0,128.0,172.0,283.0,283.0,283.0,284.0,284.0,284.0,284.0,41.0,41.0,41.0,41.0,246.0,246.0,240.0,240.0,246.0,302.0,302.0,217.0,217.0,274.0,274.0,274.0,182.0,182.0,204.0,193.0,193.0,136.0,235.0,235.0,235.0,235.0,235.0,208.0,208.0,208.0,208.0,208.0,208.0,136.0,136.0,274.0,274.0,271.0,330.0,279.0,262.0,43.0,340.0,340.0,340.0,340.0,340.0,340.0,340.0,340.0,298.0,46.0,298.0,46.0,46.0,334.0,334.0,334.0,297.0,300.0,82.0,82.0,82.0,298.0,208.0,279.0,279.0,279.0,29.0,35.0,52.0,76.0,76.0,52.0,52.0,64.0,357.0,323.0,3.0,3.0,354.0,3.0,95.0,75.0,75.0,75.0,75.0,98.0,193.0,193.0,289.0,289.0,287.0,287.0,287.0,197.0,197.0,197.0,79.0,79.0,205.0,22.0,22.0,36.0,312.0,357.0,334.0,359.0,319.0,242.0,20.0,344.0,3.0,105.0,267.0,267.0,278.0,278.0,278.0,278.0,230.0,230.0,263.0,263.0,281.0,281.0,281.0,184.0,184.0,184.0,184.0,184.0,184.0,184.0,136.0,136.0,136.0,235.0,235.0,235.0,221.0,221.0,221.0,221.0,221.0,340.0,340.0,340.0,239.0,239.0,205.0,178.0,3.0,3.0,196.0,349.0,191.0,0.0,0.0,301.0,31.0,45.0,65.0,65.0,37.0,37.0,37.0,114.0,0.0,248.0,248.0,319.0,319.0,312.0,242.0,352.0,232.0,65.0,312.0,312.0,26.0,26.0,26.0,26.0,9.0,9.0,9.0,239.0,239.0,239.0,320.0,320.0,320.0,225.0,284.0,284.0,284.0,249.0,270.0,270.0,244.0,198.0,198.0,81.0,81.0,81.0,233.0,343.0,293.0,293.0,309.0,290.0,158.0,158.0,158.0,256.0,277.0,277.0,98.0,48.0,48.0,48.0,283.0,283.0,283.0,283.0,10.0,10.0,10.0,10.0,10.0,227.0,227.0,227.0,136.0,180.0,180.0,221.0,317.0,317.0,317.0,323.0,326.0,20.0,326.0,320.0,320.0,139.0,238.0,321.0,316.0,316.0,316.0,270.0,270.0,120.0,120.0,346.0,346.0,0.0,270.0,283.0,283.0,283.0,26.0,309.0,309.0,309.0,357.0,23.0,23.0,23.0,11.0,11.0,11.0,34.0,34.0,141.0,141.0,141.0,141.0,160.0,160.0,122.0,122.0,3.0,3.0,262.0,28.0,20.0,293.0,11.0,325.0,298.0,312.0,312.0,350.0,69.0,123.0,21.0,303.0,303.0,329.0,337.0,334.0,93.0,93.0,91.0,301.0,278.0,172.0,239.0,197.0,300.0,3.0,312.0,136.0,23.0,292.0,129.0,217.0,193.0,326.0,293.0,279.0,279.0,262.0,3.0,357.0,3.0,230.0,31.0,207.0,270.0,353.0,312.0,69.0,69.0,69.0,319.0,323.0,3.0
2018,1,7,9,WIN_D_INST,111.0,98.0,275.0,111.0,98.0,269.0,269.0,269.0,275.0,275.0,275.0,275.0,127.0,127.0,127.0,127.0,232.0,232.0,219.0,219.0,232.0,334.0,334.0,265.0,265.0,323.0,323.0,323.0,160.0,160.0,292.0,196.0,196.0,136.0,198.0,198.0,198.0,198.0,198.0,205.0,205.0,205.0,205.0,205.0,205.0,184.0,184.0,280.0,280.0,277.0,332.0,265.0,282.0,355.0,0.0,0.0,0.0,0.0,0.0,0.0,0.0,0.0,303.0,123.0,303.0,123.0,123.0,58.0,58.0,58.0,292.0,305.0,334.0,334.0,334.0,303.0,0.0,10.0,10.0,10.0,27.0,33.0,340.0,114.0,114.0,340.0,340.0,68.0,337.0,307.0,346.0,346.0,99.0,37.0,39.0,93.0,93.0,93.0,93.0,66.0,312.0,312.0,289.0,289.0,297.0,297.0,297.0,222.0,222.0,222.0,77.0,77.0,214.0,20.0,20.0,27.0,82.0,323.0,320.0,305.0,296.0,329.0,278.0,323.0,323.0,141.0,267.0,267.0,298.0,298.0,298.0,298.0,315.0,315.0,327.0,327.0,298.0,298.0,298.0,196.0,196.0,196.0,196.0,196.0,196.0,196.0,136.0,136.0,136.0,198.0,198.0,198.0,181.0,181.0,181.0,181.0,181.0,329.0,329.0,329.0,287.0,287.0,65.0,64.0,23.0,23.0,185.3333333333333,340.0,199.0,269.0,269.0,152.0,352.0,56.0,20.0,20.0,48.0,48.0,48.0,127.0,357.0,259.0,259.0,295.0,295.0,291.0,287.0,20.0,224.0,248.0,258.0,258.0,318.0,318.0,318.0,318.0,3.0,3.0,3.0,271.0,271.0,271.0,320.0,320.0,320.0,8.0,284.0,284.0,284.0,221.0,236.0,236.0,221.0,164.0,164.0,297.0,297.0,297.0,239.0,298.0,309.0,309.0,338.0,295.0,158.0,158.0,158.0,239.0,252.0,252.0,87.0,19.0,19.0,19.0,278.0,278.0,278.0,278.0,355.0,355.0,355.0,355.0,355.0,224.0,224.0,224.0,77.0,200.0,200.0,213.0,190.0,190.0,190.0,320.0,315.0,354.0,315.0,315.0,315.0,213.0,82.0,337.0,313.0,313.0,313.0,21.0,21.0,129.0,129.0,346.0,346.0,34.0,270.0,315.0,315.0,315.0,43.0,307.0,307.0,307.0,278.0,45.0,45.0,45.0,128.0,128.0,128.0,68.0,68.0,146.0,146.0,146.0,146.0,186.0,186.0,120.0,120.0,40.0,40.0,257.0,28.0,210.0,318.0,55.0,322.0,323.0,291.0,291.0,349.0,71.0,285.0,358.0,286.0,286.0,329.0,306.0,329.0,97.0,97.0,6.0,152.0,298.0,98.0,271.0,188.0,305.0,37.0,291.0,136.0,45.0,283.0,3.0,265.0,312.0,315.0,277.0,265.0,265.0,282.0,346.0,337.0,346.0,315.0,352.0,2.0,34.0,353.0,82.0,54.0,54.0,54.0,321.0,307.0,37.0
2018,1,7,12,WIN_D_INST,224.0,213.0,263.0,224.0,213.0,264.0,264.0,264.0,280.0,280.0,280.0,280.0,299.0,299.0,299.0,299.0,203.0,203.0,274.0,274.0,203.0,329.0,329.0,301.0,301.0,287.0,287.0,287.0,238.0,238.0,292.0,247.0,247.0,139.0,207.0,207.0,207.0,207.0,207.0,172.0,172.0,172.0,172.0,172.0,172.0,170.0,170.0,308.0,308.0,270.0,281.0,262.0,267.0,345.0,17.0,17.0,17.0,17.0,17.0,17.0,17.0,17.0,305.0,31.0,305.0,31.0,31.0,337.0,337.0,337.0,359.0,293.0,345.0,345.0,345.0,305.0,247.0,7.0,7.0,7.0,8.0,359.0,294.0,103.0,103.0,294.0,294.0,68.0,14.0,48.0,276.0,276.0,300.0,14.0,17.0,91.0,91.0,91.0,91.0,49.0,301.0,301.0,278.0,278.0,292.0,292.0,292.0,208.0,208.0,208.0,266.0,266.0,90.0,0.0,0.0,351.0,261.0,323.0,295.0,298.0,324.0,324.0,295.0,331.0,326.0,111.0,264.0,264.0,326.0,326.0,326.0,326.0,289.0,289.0,248.0,248.0,326.0,326.0,326.0,142.0,142.0,142.0,142.0,142.0,142.0,142.0,139.0,139.0,139.0,207.0,207.0,207.0,164.0,164.0,164.0,164.0,164.0,62.0,62.0,62.0,253.0,253.0,62.0,111.33333333333331,0.0,0.0,196.0,340.0,6.0,45.0,45.0,174.0,335.0,343.0,11.0,11.0,292.0,292.0,292.0,113.0,338.0,239.0,239.0,271.0,271.0,291.0,273.0,250.0,307.0,250.0,270.3333333333333,270.3333333333333,321.0,321.0,321.0,321.0,266.0,266.0,266.0,250.0,250.0,250.0,309.0,309.0,309.0,219.0,270.0,270.0,270.0,241.0,250.0,250.0,227.0,156.0,156.0,202.0,202.0,202.0,248.0,301.0,290.0,290.0,338.0,264.0,138.0,138.0,138.0,239.0,290.0,290.0,357.0,10.0,10.0,10.0,269.0,269.0,269.0,269.0,10.0,10.0,10.0,10.0,10.0,224.0,224.0,224.0,99.0,250.0,250.0,105.0,224.0,224.0,224.0,292.0,315.0,14.0,315.0,286.0,286.0,6.0,232.0,348.0,324.0,324.0,324.0,12.0,12.0,125.0,125.0,0.0,0.0,3.0,295.0,213.0,213.0,213.0,94.0,281.0,281.0,281.0,292.0,79.0,79.0,79.0,266.0,266.0,266.0,231.0,231.0,143.0,143.0,143.0,143.0,342.0,342.0,57.0,57.0,40.0,40.0,111.0,0.0,153.0,325.0,162.0,241.0,304.0,291.0,291.0,341.0,64.0,280.0,329.0,306.0,306.0,281.0,272.0,315.0,316.0,316.0,23.0,174.0,326.0,213.0,250.0,188.0,293.0,14.0,291.0,139.0,79.0,260.0,8.0,301.0,301.0,315.0,278.0,262.0,262.0,267.0,276.0,14.0,276.0,289.0,335.0,0.0,354.0,16.0,261.0,40.0,40.0,40.0,312.0,48.0,14.0
2018,1,7,15,WIN_D_INST,232.0,274.0,344.0,232.0,274.0,295.0,295.0,295.0,4.0,4.0,4.0,4.0,242.0,242.0,242.0,242.0,219.0,219.0,280.0,280.0,219.0,313.0,313.0,308.0,308.0,273.0,273.0,273.0,230.0,230.0,346.0,312.0,312.0,227.0,224.0,224.0,224.0,224.0,224.0,231.0,231.0,231.0,231.0,231.0,231.0,116.0,116.0,319.0,319.0,280.0,290.0,265.0,284.0,277.0,0.0,0.0,0.0,0.0,0.0,0.0,0.0,0.0,297.0,14.0,297.0,14.0,14.0,349.0,349.0,349.0,255.0,274.0,263.6666666666667,263.6666666666667,263.6666666666667,297.0,0.0,345.0,345.0,345.0,310.0,326.0,301.0,173.0,173.0,301.0,301.0,98.0,351.0,59.0,6.0,6.0,329.0,17.0,29.0,104.0,104.0,104.0,104.0,80.0,75.0,75.0,292.0,292.0,280.0,280.0,280.0,180.0,180.0,180.0,244.0,244.0,76.0,309.0,309.0,297.0,258.0,301.0,292.0,263.0,301.0,283.0,326.0,310.0,357.0,271.0,248.0,248.0,264.0,264.0,264.0,264.0,320.0,320.0,290.0,290.0,238.0,238.0,238.0,145.0,145.0,145.0,145.0,145.0,145.0,145.0,227.0,227.0,227.0,224.0,224.0,224.0,159.0,159.0,159.0,159.0,159.0,3.0,3.0,3.0,287.0,287.0,295.0,240.0,125.0,125.0,173.33333333333334,354.0,248.0,14.0,14.0,250.0,253.0,82.0,17.0,17.0,278.3333333333333,278.3333333333333,278.3333333333333,151.0,315.0,248.0,248.0,261.0,261.0,227.0,304.0,312.0,334.0,248.0,272.0,272.0,317.0,317.0,317.0,317.0,275.0,275.0,275.0,263.0,263.0,263.0,312.0,312.0,312.0,208.0,273.0,273.0,273.0,312.0,250.0,250.0,261.0,173.0,173.0,208.0,208.0,208.0,217.0,309.0,287.0,287.0,318.0,248.0,234.66666666666663,234.66666666666663,234.66666666666663,256.0,285.0,285.0,104.0,23.0,23.0,23.0,252.0,252.0,252.0,252.0,4.0,4.0,4.0,4.0,4.0,255.0,255.0,255.0,249.0,200.0,200.0,283.0,210.0,210.0,210.0,272.0,286.0,23.0,286.0,300.0,300.0,20.0,34.0,326.0,315.0,315.0,315.0,248.0,248.0,136.0,136.0,326.0,326.0,354.0,295.0,122.0,122.0,122.0,9.0,262.0,262.0,262.0,235.0,332.0,332.0,332.0,102.0,102.0,102.0,98.0,98.0,149.0,149.0,149.0,149.0,345.0,345.0,106.0,106.0,11.0,11.0,60.0,0.0,235.0,166.0,287.0,180.0,307.0,227.0,227.0,263.0,96.0,314.0,8.0,269.0,269.0,270.0,275.0,323.0,201.0,201.0,145.0,250.0,264.0,274.0,263.0,225.0,274.0,17.0,227.0,227.0,332.0,252.0,323.0,308.0,75.0,286.0,282.0,265.0,265.0,284.0,6.0,351.0,6.0,320.0,253.0,264.0,17.0,316.0,258.0,49.0,49.0,49.0,275.0,59.0,17.0
2018,1,7,18,WIN_D_INST,282.0,298.0,292.0,282.0,298.0,275.0,275.0,275.0,285.0,285.0,285.0,285.0,292.0,292.0,292.0,292.0,277.0,277.0,323.0,323.0,277.0,320.0,320.0,23.0,23.0,5.0,5.0,5.0,261.0,261.0,264.0,289.0,289.0,261.0,88.0,88.0,88.0,88.0,88.0,256.0,256.0,256.0,256.0,256.0,256.0,170.0,170.0,294.0,294.0,276.0,288.0,269.0,285.0,267.0,357.0,357.0,357.0,357.0,357.0,357.0,357.0,357.0,298.0,346.0,298.0,346.0,346.0,338.0,338.0,338.0,280.0,283.0,301.0,301.0,301.0,298.0,93.0,322.0,322.0,322.0,316.0,296.0,253.0,356.0,356.0,253.0,253.0,139.0,28.0,309.0,233.0,233.0,60.0,42.0,48.0,23.0,23.0,23.0,23.0,237.0,235.0,235.0,264.0,264.0,273.0,273.0,273.0,200.0,200.0,200.0,60.0,60.0,6.0,293.0,293.0,316.0,252.0,301.0,272.0,291.0,286.0,217.0,321.0,323.0,298.0,273.0,242.0,242.0,278.0,278.0,278.0,278.0,340.0,340.0,270.0,270.0,275.0,275.0,275.0,224.0,224.0,224.0,224.0,224.0,224.0,224.0,261.0,261.0,261.0,88.0,88.0,88.0,238.0,238.0,238.0,238.0,238.0,156.0,156.0,156.0,318.0,318.0,267.0,30.0,28.0,28.0,165.33333333333334,335.0,256.0,108.0,108.0,121.0,349.0,25.0,28.0,28.0,357.0,357.0,357.0,132.0,318.0,262.0,262.0,237.0,237.0,242.0,293.0,312.0,341.0,262.0,281.0,281.0,321.0,321.0,321.0,321.0,309.0,309.0,309.0,301.0,301.0,301.0,298.0,298.0,298.0,242.0,262.0,262.0,262.0,286.0,225.0,225.0,255.0,198.0,198.0,101.0,101.0,101.0,321.0,309.0,301.0,301.0,228.0,233.0,307.0,307.0,307.0,205.0,306.0,306.0,315.0,105.66666666666669,105.66666666666669,105.66666666666669,289.0,289.0,289.0,289.0,11.0,11.0,11.0,11.0,11.0,230.0,230.0,230.0,306.0,146.0,146.0,224.0,317.0,317.0,317.0,278.0,286.0,332.0,286.0,252.0,252.0,17.0,71.0,270.0,312.0,312.0,312.0,323.0,323.0,0.0,0.0,60.0,60.0,23.0,278.0,159.0,159.0,159.0,26.0,301.0,301.0,301.0,17.0,3.0,3.0,3.0,9.0,9.0,9.0,45.0,45.0,146.0,146.0,146.0,146.0,319.0,319.0,275.0,275.0,317.0,317.0,81.0,28.0,266.0,229.0,240.0,142.0,298.0,242.0,242.0,295.0,136.0,318.0,37.0,261.0,261.0,253.0,272.0,306.0,62.0,62.0,215.0,121.0,278.0,298.0,301.0,186.0,283.0,42.0,242.0,261.0,3.0,293.0,84.0,23.0,235.0,286.0,271.0,269.0,269.0,285.0,233.0,28.0,233.0,340.0,349.0,281.0,335.0,287.0,252.0,52.0,52.0,52.0,273.0,309.0,42.0
2018,1,7,21,WIN_D_INST,293.0,295.0,315.0,293.0,295.0,329.0,329.0,329.0,290.0,290.0,290.0,290.0,292.0,292.0,292.0,292.0,303.0,303.0,323.0,323.0,303.0,322.0,322.0,8.0,8.0,346.0,346.0,346.0,278.0,278.0,278.0,281.0,281.0,247.0,329.0,329.0,329.0,329.0,329.0,225.0,225.0,225.0,225.0,225.0,225.0,128.0,128.0,288.0,288.0,284.0,281.0,266.0,275.0,292.0,334.0,334.0,334.0,334.0,334.0,334.0,334.0,334.0,300.0,1.0,300.0,1.0,1.0,328.0,328.0,328.0,307.0,289.0,320.0,320.0,320.0,300.0,266.0,339.0,339.0,339.0,305.0,267.0,335.0,6.0,6.0,335.0,335.0,136.0,51.0,298.0,0.0,0.0,28.0,20.0,35.0,77.0,77.0,77.0,77.0,273.0,152.0,152.0,275.0,275.0,288.0,288.0,288.0,39.0,39.0,39.0,85.0,85.0,329.0,294.0,294.0,308.0,292.0,287.0,312.0,290.0,323.0,297.0,312.0,311.0,276.0,265.0,239.0,239.0,332.0,332.0,332.0,332.0,334.0,334.0,276.0,276.0,247.0,247.0,247.0,20.0,20.0,20.0,20.0,20.0,20.0,20.0,247.0,247.0,247.0,329.0,329.0,329.0,167.0,167.0,167.0,167.0,167.0,108.0,108.0,108.0,273.0,273.0,118.0,288.0,286.0,286.0,159.33333333333334,340.0,271.0,261.0,261.0,219.0,51.0,354.0,31.0,31.0,340.0,340.0,340.0,168.0,332.0,267.0,267.0,250.0,250.0,218.0,242.0,191.0,278.0,166.0,281.0,281.0,323.0,323.0,323.0,323.0,289.0,289.0,289.0,259.0,259.0,259.0,329.0,329.0,329.0,239.0,96.0,96.0,96.0,252.0,245.0,245.0,298.0,244.0,244.0,220.0,220.0,220.0,11.0,259.0,267.0,267.0,323.0,256.0,352.0,352.0,352.0,214.0,307.0,307.0,146.0,284.0,284.0,284.0,278.0,278.0,278.0,278.0,341.0,341.0,341.0,341.0,341.0,261.0,261.0,261.0,320.0,304.0,304.0,281.0,326.0,326.0,326.0,300.0,332.0,232.0,332.0,323.0,323.0,99.0,303.0,287.0,309.0,309.0,309.0,72.0,72.0,140.0,140.0,0.0,0.0,14.0,349.0,156.0,156.0,156.0,6.0,59.0,59.0,59.0,200.3333333333333,315.0,315.0,315.0,343.0,343.0,343.0,354.0,354.0,152.0,152.0,152.0,152.0,343.0,343.0,80.0,80.0,303.0,303.0,85.0,28.0,255.0,227.0,175.0,161.0,293.0,218.0,218.0,259.0,165.0,276.0,42.0,292.0,292.0,278.0,346.0,320.0,207.0,207.0,232.0,219.0,332.0,295.0,259.0,270.0,289.0,20.0,218.0,247.0,315.0,279.0,177.0,8.0,152.0,332.0,295.0,266.0,266.0,275.0,0.0,51.0,0.0,334.0,51.0,281.0,357.0,229.0,292.0,29.0,29.0,29.0,287.0,298.0,20.0
2018,1,8,0,WIN_D_INST,294.0,301.0,302.0,294.0,301.0,275.0,275.0,275.0,287.0,287.0,287.0,287.0,309.0,309.0,309.0,309.0,278.0,278.0,276.0,276.0,278.0,324.0,324.0,338.0,338.0,284.0,284.0,284.0,304.0,304.0,298.0,238.0,238.0,320.0,23.0,23.0,23.0,23.0,23.0,23.0,23.0,23.0,23.0,23.0,23.0,298.0,298.0,265.0,265.0,279.0,268.0,254.0,263.0,278.0,337.0,337.0,337.0,337.0,337.0,337.0,337.0,337.0,305.0,340.0,305.0,340.0,340.0,134.0,134.0,134.0,337.0,289.0,326.0,326.0,326.0,305.0,287.0,320.0,320.0,320.0,290.0,259.0,326.0,343.0,343.0,326.0,326.0,171.0,326.0,298.0,290.0,290.0,281.0,276.0,9.0,77.0,77.0,77.0,77.0,148.0,178.0,178.0,289.0,289.0,292.0,292.0,292.0,34.0,34.0,34.0,68.0,68.0,326.0,276.3333333333333,276.3333333333333,292.3333333333333,295.0,267.0,298.0,278.0,244.0,256.0,318.0,300.0,284.0,278.0,256.0,256.0,276.0,276.0,276.0,276.0,3.0,3.0,302.0,302.0,281.0,281.0,281.0,326.0,326.0,326.0,326.0,326.0,326.0,326.0,320.0,320.0,320.0,23.0,23.0,23.0,261.0,261.0,261.0,261.0,261.0,221.0,221.0,221.0,264.0,264.0,256.0,345.0,234.3333333333333,234.3333333333333,142.66666666666666,340.0,179.0,233.0,233.0,163.0,59.0,284.0,349.0,349.0,51.0,51.0,51.0,261.0,293.0,228.0,228.0,282.0,282.0,210.0,28.0,183.0,312.0,160.33333333333334,258.0,258.0,326.0,326.0,326.0,326.0,244.0,244.0,244.0,291.0,291.0,291.0,289.0,289.0,289.0,233.0,132.0,132.0,132.0,306.0,197.0,197.0,269.0,261.0,261.0,208.0,208.0,208.0,79.0,259.0,256.0,256.0,349.0,250.0,295.0,295.0,295.0,191.0,335.0,335.0,76.0,48.0,48.0,48.0,278.0,278.0,278.0,278.0,329.0,329.0,329.0,329.0,329.0,221.0,221.0,221.0,337.0,259.0,259.0,241.0,303.0,303.0,303.0,283.0,295.0,60.0,295.0,230.0,230.0,14.0,235.0,266.0,301.0,301.0,301.0,49.0,49.0,0.0,0.0,48.0,48.0,26.0,346.0,116.0,116.0,116.0,249.0,76.0,76.0,76.0,349.0,0.0,0.0,0.0,57.0,57.0,57.0,276.0,276.0,329.0,329.0,329.0,329.0,3.0,3.0,312.0,312.0,298.0,298.0,60.0,28.0,179.0,236.0,175.0,86.0,290.0,210.0,210.0,40.0,222.0,175.0,175.0,272.0,272.0,180.0,337.0,298.0,108.0,108.0,204.0,163.0,276.0,301.0,291.0,194.0,289.0,276.0,210.0,320.0,0.0,284.0,335.0,338.0,178.0,295.0,281.0,254.0,254.0,263.0,290.0,326.0,290.0,3.0,59.0,233.0,0.0,281.0,295.0,358.0,358.0,358.0,305.0,298.0,276.0
2018,1,8,3,WIN_D_INST,291.0,285.0,266.0,291.0,285.0,312.0,312.0,312.0,293.0,293.0,293.0,293.0,264.0,264.0,264.0,264.0,306.0,306.0,279.0,279.0,306.0,324.0,324.0,257.0,257.0,277.0,277.0,277.0,278.0,278.0,227.0,269.0,269.0,312.0,281.0,281.0,281.0,281.0,281.0,34.0,34.0,34.0,34.0,34.0,34.0,340.0,340.0,282.0,282.0,266.0,266.0,301.0,260.0,270.0,317.0,317.0,317.0,317.0,317.0,317.0,317.0,317.0,331.0,347.0,331.0,347.0,347.0,317.0,317.0,317.0,282.0,300.0,339.0,339.0,339.0,331.0,186.0,298.0,298.0,298.0,285.0,283.0,351.0,358.0,358.0,351.0,351.0,341.0,11.0,318.0,343.0,343.0,309.0,318.0,22.0,148.0,148.0,148.0,148.0,43.0,334.0,334.0,289.0,289.0,309.0,309.0,309.0,101.0,101.0,101.0,136.0,136.0,312.0,280.0,280.0,274.0,289.0,295.0,264.0,288.0,312.0,243.0,304.0,294.0,304.0,273.0,248.0,248.0,242.0,242.0,242.0,242.0,252.0,252.0,283.0,283.0,292.0,292.0,292.0,264.0,264.0,264.0,264.0,264.0,264.0,264.0,312.0,312.0,312.0,281.0,281.0,281.0,244.0,244.0,244.0,244.0,244.0,340.0,340.0,340.0,273.0,273.0,259.0,335.0,244.0,244.0,185.3333333333333,346.0,69.0,224.0,224.0,298.0,118.0,214.0,132.0,132.0,26.0,26.0,26.0,17.0,174.0,273.0,273.0,304.0,304.0,238.0,278.0,101.0,268.0,59.0,227.0,227.0,306.0,306.0,306.0,306.0,286.0,286.0,286.0,255.0,255.0,255.0,292.0,292.0,292.0,200.0,273.0,273.0,273.0,309.0,236.0,236.0,269.0,292.0,292.0,15.0,15.0,15.0,315.0,284.0,278.0,278.0,259.0,301.0,290.0,290.0,290.0,231.0,246.0,246.0,20.0,10.0,10.0,10.0,303.0,303.0,303.0,303.0,357.0,357.0,357.0,357.0,357.0,255.0,255.0,255.0,312.0,101.0,101.0,184.0,334.0,334.0,334.0,300.0,278.0,272.0,278.0,309.0,309.0,343.0,145.0,306.0,315.0,315.0,315.0,136.0,136.0,0.0,0.0,337.0,337.0,346.0,20.0,133.0,133.0,133.0,14.0,278.0,278.0,278.0,340.0,34.0,34.0,34.0,28.0,28.0,28.0,104.0,104.0,315.0,315.0,315.0,315.0,130.0,130.0,165.0,165.0,298.0,298.0,74.0,42.0,309.0,134.0,90.0,148.0,264.0,238.0,238.0,273.0,275.0,108.0,76.0,281.0,281.0,298.0,306.0,289.0,46.0,46.0,201.0,298.0,242.0,285.0,255.0,222.0,300.0,318.0,238.0,312.0,34.0,278.0,259.0,257.0,334.0,278.0,289.0,301.0,301.0,260.0,343.0,11.0,343.0,252.0,118.0,284.0,332.0,280.0,289.0,4.0,4.0,4.0,279.0,318.0,318.0
2018,1,8,6,WIN_D_INST,315.0,320.0,295.0,315.0,320.0,315.0,315.0,315.0,312.0,312.0,312.0,312.0,343.0,343.0,343.0,343.0,320.0,320.0,306.0,306.0,320.0,347.0,347.0,253.0,253.0,278.0,278.0,278.0,308.0,308.0,11.0,312.0,312.0,306.0,283.0,283.0,283.0,283.0,283.0,326.0,326.0,326.0,326.0,326.0,326.0,315.0,315.0,287.0,287.0,278.0,261.0,320.0,292.0,264.0,317.0,317.0,317.0,317.0,317.0,317.0,317.0,317.0,318.0,304.0,318.0,304.0,304.0,326.0,326.0,326.0,289.0,281.0,337.0,337.0,337.0,318.0,273.0,301.0,301.0,301.0,287.0,264.0,317.0,350.0,350.0,317.0,317.0,38.0,23.0,338.0,208.0,208.0,258.0,219.0,358.0,108.0,108.0,108.0,108.0,158.0,224.0,224.0,266.0,266.0,292.0,292.0,292.0,11.0,11.0,11.0,139.0,139.0,304.0,274.0,274.0,293.0,323.0,321.0,286.0,281.0,287.0,329.0,321.0,293.0,293.0,298.0,307.0,307.0,278.0,278.0,278.0,278.0,309.0,309.0,292.0,292.0,317.0,317.0,317.0,312.0,312.0,312.0,312.0,312.0,312.0,312.0,306.0,306.0,306.0,283.0,283.0,283.0,230.0,230.0,230.0,230.0,230.0,329.0,329.0,329.0,278.0,278.0,309.0,202.0,315.0,315.0,144.66666666666666,346.0,171.0,247.0,247.0,132.0,318.0,273.0,188.0,188.0,31.0,31.0,31.0,333.0,6.0,233.0,233.0,316.0,316.0,293.0,253.0,329.0,237.0,228.0,275.0,275.0,300.0,300.0,300.0,300.0,306.0,306.0,306.0,279.0,279.0,279.0,315.0,315.0,315.0,312.0,259.0,259.0,259.0,315.0,231.0,231.0,309.0,303.0,303.0,224.0,224.0,224.0,79.0,304.0,290.0,290.0,307.0,293.0,290.0,290.0,290.0,335.0,269.6666666666667,269.6666666666667,48.0,31.0,31.0,31.0,289.0,289.0,289.0,289.0,336.0,336.0,336.0,336.0,336.0,232.0,232.0,232.0,315.0,200.0,200.0,300.0,340.0,340.0,340.0,303.0,320.0,306.0,320.0,334.0,334.0,96.0,99.0,312.0,301.0,301.0,301.0,67.0,67.0,281.0,281.0,71.0,71.0,23.0,23.0,111.0,111.0,111.0,346.0,276.0,276.0,276.0,198.0,111.0,111.0,111.0,45.0,45.0,45.0,205.0,205.0,349.0,349.0,349.0,349.0,333.0,333.0,169.0,169.0,48.0,48.0,94.0,341.0,281.0,60.0,31.0,39.0,318.0,293.0,293.0,315.0,265.0,176.0,37.0,300.0,300.0,309.0,306.0,286.0,152.0,152.0,204.0,132.0,278.0,320.0,279.0,239.0,281.0,219.0,293.0,306.0,111.0,277.0,149.0,253.0,224.0,320.0,280.0,320.0,320.0,292.0,208.0,23.0,208.0,309.0,318.0,288.0,312.0,283.0,323.0,11.0,11.0,11.0,281.0,338.0,219.0
2018,1,8,9,WIN_D_INST,336.0,314.0,349.0,336.0,314.0,292.0,292.0,292.0,309.0,309.0,309.0,309.0,342.0,342.0,342.0,342.0,312.0,312.0,318.0,318.0,312.0,309.0,309.0,307.0,307.0,302.0,302.0,302.0,297.0,297.0,275.0,334.0,334.0,298.0,122.0,122.0,122.0,122.0,122.0,298.0,298.0,298.0,298.0,298.0,298.0,303.0,303.0,287.0,287.0,270.0,272.0,276.0,276.0,248.0,357.0,357.0,357.0,357.0,357.0,357.0,357.0,357.0,310.0,305.0,310.0,305.0,305.0,3.0,3.0,3.0,291.0,297.0,325.0,325.0,325.0,310.0,54.0,322.0,322.0,322.0,308.0,285.0,335.0,2.0,2.0,335.0,335.0,322.0,85.0,256.0,113.0,113.0,238.0,301.0,46.0,179.0,179.0,179.0,179.0,288.0,337.0,337.0,312.0,312.0,306.0,306.0,306.0,321.0,321.0,321.0,306.0,306.0,287.0,284.0,284.0,288.0,295.0,295.0,283.0,287.0,287.0,265.0,304.0,299.0,287.0,307.0,284.0,284.0,304.0,304.0,304.0,304.0,320.0,320.0,290.0,290.0,309.0,309.0,309.0,122.0,122.0,122.0,122.0,122.0,122.0,122.0,298.0,298.0,298.0,122.0,122.0,122.0,255.0,255.0,255.0,255.0,255.0,323.0,323.0,323.0,256.0,256.0,267.0,203.0,85.0,85.0,157.33333333333334,20.0,215.0,218.0,218.0,146.0,158.0,217.0,264.0,264.0,20.0,20.0,20.0,341.0,340.0,264.0,264.0,304.0,304.0,294.0,188.0,329.0,229.0,267.0,303.0,303.0,300.0,300.0,300.0,300.0,278.0,278.0,278.0,289.0,289.0,289.0,292.0,292.0,292.0,335.0,267.0,267.0,267.0,247.0,259.0,259.0,269.0,281.0,281.0,208.0,208.0,208.0,28.0,287.0,284.0,284.0,329.0,273.0,326.0,326.0,326.0,233.0,272.0,272.0,104.0,54.0,54.0,54.0,281.0,281.0,281.0,281.0,235.3333333333333,235.3333333333333,235.3333333333333,235.3333333333333,235.3333333333333,252.0,252.0,252.0,306.0,290.0,290.0,272.0,326.0,326.0,326.0,317.0,306.0,337.0,306.0,315.0,315.0,57.0,354.0,354.0,316.0,316.0,316.0,39.0,39.0,132.0,132.0,40.0,40.0,354.0,20.0,142.0,142.0,142.0,6.0,284.0,284.0,284.0,326.0,153.0,153.0,153.0,31.0,31.0,31.0,259.0,259.0,357.0,357.0,357.0,357.0,10.0,10.0,110.0,110.0,26.0,26.0,79.0,78.0,255.0,101.0,46.0,1.0,321.0,294.0,294.0,336.0,109.0,287.0,195.0,247.0,247.0,301.0,292.0,320.0,99.0,99.0,224.0,146.0,304.0,314.0,289.0,270.0,297.0,301.0,294.0,298.0,153.0,283.0,98.0,307.0,337.0,306.0,279.0,276.0,276.0,276.0,113.0,85.0,113.0,320.0,158.0,286.0,318.0,300.0,295.0,47.0,47.0,47.0,272.0,256.0,301.0
2018,1,8,12,WIN_D_INST,300.0,292.0,346.0,300.0,292.0,312.0,312.0,312.0,293.0,293.0,293.0,293.0,302.0,302.0,302.0,302.0,242.0,242.0,292.0,292.0,242.0,326.0,326.0,344.0,344.0,318.0,318.0,318.0,284.0,284.0,283.0,303.0,303.0,340.0,241.0,241.0,241.0,241.0,241.0,68.0,68.0,68.0,68.0,68.0,68.0,292.0,292.0,288.0,288.0,273.0,265.0,247.0,282.0,256.0,320.0,320.0,320.0,320.0,320.0,320.0,320.0,320.0,322.0,7.0,322.0,7.0,7.0,308.0,308.0,308.0,305.0,259.0,301.0,301.0,301.0,322.0,78.0,303.0,303.0,303.0,279.0,255.0,17.0,338.0,338.0,17.0,17.0,359.0,349.0,248.0,214.0,214.0,34.0,73.0,46.0,204.0,204.0,204.0,204.0,235.0,326.0,326.0,309.0,309.0,286.0,286.0,286.0,343.0,343.0,343.0,340.0,340.0,323.0,273.0,273.0,291.0,261.0,293.0,289.0,273.0,274.0,256.0,318.0,280.0,273.0,269.0,188.0,188.0,315.0,315.0,315.0,315.0,238.0,238.0,304.0,304.0,283.0,283.0,283.0,269.0,269.0,269.0,269.0,269.0,269.0,269.0,340.0,340.0,340.0,241.0,241.0,241.0,275.0,275.0,275.0,275.0,275.0,334.0,334.0,334.0,242.0,242.0,267.0,80.0,79.0,79.0,162.0,90.0,223.0,337.0,337.0,37.0,248.0,272.0,20.0,20.0,31.0,31.0,31.0,4.0,293.0,174.0,174.0,279.0,279.0,250.0,259.0,318.0,274.6666666666667,56.0,235.0,235.0,311.0,311.0,311.0,311.0,139.0,139.0,139.0,265.0,265.0,265.0,91.0,91.0,91.0,278.0,124.0,124.0,124.0,292.0,256.0,256.0,298.0,266.0,266.0,320.0,320.0,320.0,39.0,284.0,264.0,264.0,174.0,233.0,309.0,309.0,309.0,228.0,247.0,247.0,76.0,108.0,108.0,108.0,283.0,283.0,283.0,283.0,254.0,254.0,254.0,254.0,254.0,235.0,235.0,235.0,289.0,318.0,318.0,278.0,298.0,298.0,298.0,326.0,283.0,62.0,283.0,224.0,224.0,9.0,317.0,247.0,292.0,292.0,292.0,135.0,135.0,0.0,0.0,23.0,23.0,3.0,23.0,181.0,181.0,181.0,141.66666666666666,191.3333333333333,191.3333333333333,191.3333333333333,261.0,283.0,283.0,283.0,99.0,99.0,99.0,51.0,51.0,321.0,321.0,321.0,321.0,11.0,11.0,41.0,41.0,17.0,17.0,64.0,0.0,62.0,241.0,186.0,213.0,295.0,250.0,250.0,304.0,134.0,281.0,186.0,249.0,249.0,191.0,272.0,326.0,150.0,150.0,162.0,37.0,315.0,292.0,265.0,323.0,259.0,73.0,250.0,340.0,283.0,285.0,14.0,344.0,326.0,283.0,287.0,247.0,247.0,282.0,214.0,349.0,214.0,238.0,248.0,302.0,346.0,267.0,261.0,39.0,39.0,39.0,280.0,248.0,73.0
2018,1,8,15,WIN_D_INST,290.0,307.0,278.0,290.0,307.0,303.0,303.0,303.0,270.0,270.0,270.0,270.0,282.0,282.0,282.0,282.0,212.0,212.0,301.0,301.0,212.0,328.0,328.0,295.0,295.0,289.0,289.0,289.0,299.0,299.0,176.0,292.0,292.0,281.0,232.0,232.0,232.0,232.0,232.0,304.0,304.0,304.0,304.0,304.0,304.0,326.0,326.0,271.0,271.0,277.0,258.0,274.0,282.0,272.0,298.0,298.0,298.0,298.0,298.0,298.0,298.0,298.0,313.0,345.0,313.0,345.0,345.0,326.0,326.0,326.0,288.0,255.0,304.0,304.0,304.0,313.0,66.0,314.0,314.0,314.0,267.0,255.0,315.0,331.0,331.0,315.0,315.0,349.0,326.0,250.0,231.0,231.0,306.0,122.0,30.0,13.0,13.0,13.0,13.0,248.0,303.0,303.0,272.0,272.0,278.0,278.0,278.0,321.0,321.0,321.0,295.0,295.0,321.0,280.0,280.0,283.0,289.0,281.0,261.0,263.0,287.0,300.0,332.0,302.0,301.0,284.0,219.0,219.0,172.0,172.0,172.0,172.0,306.0,306.0,273.0,273.0,278.0,278.0,278.0,312.0,312.0,312.0,312.0,312.0,312.0,312.0,281.0,281.0,281.0,232.0,232.0,232.0,184.0,184.0,184.0,184.0,184.0,315.0,315.0,315.0,233.0,233.0,278.0,340.0,122.66666666666669,122.66666666666669,151.66666666666666,11.0,84.0,230.0,230.0,141.0,270.0,250.0,174.0,174.0,224.0,224.0,224.0,349.0,281.0,20.0,20.0,261.0,261.0,284.0,335.0,301.0,331.0,115.0,130.0,130.0,341.0,341.0,341.0,341.0,54.0,54.0,54.0,222.0,222.0,222.0,298.0,298.0,298.0,245.0,203.0,203.0,203.0,298.0,222.0,222.0,235.0,286.0,286.0,311.0,311.0,311.0,68.0,281.0,253.0,253.0,166.0,211.0,115.0,115.0,115.0,217.0,305.0,305.0,250.0,27.0,27.0,27.0,292.0,292.0,292.0,292.0,228.0,228.0,228.0,228.0,228.0,247.0,247.0,247.0,258.0,287.0,287.0,269.0,187.0,187.0,187.0,173.0,232.0,198.0,232.0,215.0,215.0,6.0,249.0,32.0,49.0,49.0,49.0,333.0,333.0,11.0,11.0,14.0,14.0,17.0,31.0,68.0,68.0,68.0,116.0,284.0,284.0,284.0,315.0,249.0,249.0,249.0,91.0,91.0,91.0,293.0,293.0,332.0,332.0,332.0,332.0,338.0,338.0,147.0,147.0,68.0,68.0,64.0,120.0,173.0,189.0,181.0,192.0,214.0,284.0,284.0,196.0,112.0,318.0,225.0,244.0,244.0,253.0,298.0,275.0,140.33333333333334,140.33333333333334,164.0,141.0,172.0,307.0,222.0,323.0,255.0,122.0,284.0,281.0,249.0,305.0,340.0,295.0,303.0,232.0,280.0,274.0,274.0,282.0,231.0,326.0,231.0,306.0,270.0,294.0,284.0,270.0,289.0,47.0,47.0,47.0,294.0,250.0,122.0
2018,1,8,18,WIN_D_INST,147.0,296.0,304.0,147.0,296.0,286.0,286.0,286.0,225.0,225.0,225.0,225.0,240.0,240.0,240.0,240.0,280.0,280.0,264.0,264.0,280.0,114.0,114.0,279.0,279.0,298.0,298.0,298.0,278.0,278.0,221.0,164.0,164.0,281.0,272.0,272.0,272.0,272.0,272.0,318.0,318.0,318.0,318.0,318.0,318.0,349.0,349.0,251.0,251.0,266.0,267.0,273.0,261.0,252.0,275.0,275.0,275.0,275.0,275.0,275.0,275.0,275.0,289.0,305.0,289.0,305.0,305.0,324.0,324.0,324.0,304.0,283.0,323.0,323.0,323.0,289.0,332.0,318.0,318.0,318.0,303.0,286.0,52.0,26.0,26.0,52.0,52.0,43.0,261.0,174.0,225.0,225.0,303.0,242.0,315.0,142.0,142.0,142.0,142.0,298.0,261.0,261.0,281.0,281.0,298.0,298.0,298.0,332.0,332.0,332.0,300.0,300.0,264.0,280.0,280.0,280.0,247.0,278.0,312.0,278.0,289.0,325.0,321.0,299.0,309.0,180.0,236.0,236.0,174.0,174.0,174.0,174.0,278.0,278.0,276.0,276.0,261.0,261.0,261.0,326.0,326.0,326.0,326.0,326.0,326.0,326.0,281.0,281.0,281.0,272.0,272.0,272.0,249.0,249.0,249.0,249.0,249.0,9.0,9.0,9.0,166.0,166.0,253.0,335.0,269.0,269.0,151.66666666666666,346.0,64.0,261.0,261.0,104.0,242.0,293.0,31.0,31.0,79.0,79.0,79.0,351.0,293.0,98.0,98.0,240.0,240.0,259.0,290.0,346.0,315.0,309.0,23.0,23.0,334.0,334.0,334.0,334.0,241.0,241.0,241.0,210.0,210.0,210.0,65.0,65.0,65.0,222.0,276.0,276.0,276.0,312.0,264.0,264.0,298.0,317.0,317.0,238.0,238.0,238.0,25.0,264.0,245.0,245.0,155.0,211.0,346.0,346.0,346.0,214.0,322.0,322.0,329.0,301.0,301.0,301.0,281.0,281.0,281.0,281.0,130.0,130.0,130.0,130.0,130.0,221.0,221.0,221.0,170.0,197.0,197.0,238.0,204.0,204.0,204.0,196.0,218.0,247.0,218.0,334.0,334.0,9.0,247.0,229.0,4.0,4.0,4.0,264.0,264.0,0.0,0.0,289.0,289.0,20.0,352.0,113.0,113.0,113.0,172.66666666666666,267.0,267.0,267.0,23.0,269.0,269.0,269.0,88.0,88.0,88.0,315.0,315.0,312.0,312.0,312.0,312.0,150.0,150.0,59.0,59.0,283.0,283.0,99.0,123.0,88.0,214.0,191.0,181.0,90.0,259.0,259.0,228.0,82.0,23.0,0.0,295.0,295.0,270.0,258.0,303.0,157.0,157.0,179.0,104.0,174.0,296.0,210.0,304.0,283.0,242.0,259.0,281.0,269.0,269.0,309.0,279.0,261.0,218.0,280.0,273.0,273.0,261.0,225.0,261.0,225.0,278.0,242.0,309.0,287.0,273.0,247.0,19.0,19.0,19.0,303.0,174.0,242.0
2018,1,8,21,WIN_D_INST,183.0,247.0,299.0,183.0,247.0,261.0,261.0,261.0,7.0,7.0,7.0,7.0,265.0,265.0,265.0,265.0,282.0,282.0,277.0,277.0,282.0,168.66666666666666,168.66666666666666,250.0,250.0,267.0,267.0,267.0,208.0,208.0,136.0,281.0,281.0,317.0,252.0,252.0,252.0,252.0,252.0,312.0,312.0,312.0,312.0,312.0,312.0,292.0,292.0,265.0,265.0,264.0,268.0,252.0,246.0,262.0,269.0,269.0,269.0,269.0,269.0,269.0,269.0,269.0,281.0,297.0,281.0,297.0,297.0,346.0,346.0,346.0,164.0,278.0,338.0,338.0,338.0,281.0,233.0,296.0,296.0,296.0,281.0,197.0,1.0,53.0,53.0,1.0,1.0,66.0,351.0,242.0,166.0,166.0,323.0,263.3333333333333,336.0,99.0,99.0,99.0,99.0,211.0,283.0,283.0,292.0,292.0,318.0,318.0,318.0,287.0,287.0,287.0,292.0,292.0,273.0,264.0,264.0,270.0,221.0,214.0,238.0,256.0,127.0,320.0,256.0,270.0,228.0,168.0,200.0,200.0,231.0,231.0,231.0,231.0,130.0,130.0,247.0,247.0,255.0,255.0,255.0,286.0,286.0,286.0,286.0,286.0,286.0,286.0,317.0,317.0,317.0,252.0,252.0,252.0,255.0,255.0,255.0,255.0,255.0,275.0,275.0,275.0,259.0,259.0,253.0,310.0,20.0,20.0,234.66666666666663,349.0,43.0,34.0,34.0,318.0,278.0,329.0,197.0,197.0,113.0,113.0,113.0,332.0,335.0,211.0,211.0,255.0,255.0,260.0,287.0,293.0,18.0,113.0,142.0,142.0,195.0,195.0,195.0,195.0,289.0,289.0,289.0,191.0,191.0,191.0,6.0,6.0,6.0,236.0,31.0,31.0,31.0,269.0,236.0,236.0,204.0,261.0,261.0,245.0,245.0,245.0,323.0,301.0,270.0,270.0,135.0,233.0,343.0,343.0,343.0,82.0,328.0,328.0,188.0,62.0,62.0,62.0,279.6666666666667,279.6666666666667,279.6666666666667,279.6666666666667,220.0,220.0,220.0,220.0,220.0,204.0,204.0,204.0,238.0,160.0,160.0,241.0,213.0,213.0,213.0,176.0,65.0,196.0,65.0,198.0,198.0,349.0,232.0,163.0,23.0,23.0,23.0,272.0,272.0,340.0,340.0,34.0,34.0,17.0,349.0,112.33333333333331,112.33333333333331,112.33333333333331,184.0,129.0,129.0,129.0,74.0,179.0,179.0,179.0,323.0,323.0,323.0,346.0,346.0,323.0,323.0,323.0,323.0,2.0,2.0,152.0,152.0,261.0,261.0,109.0,152.0,145.0,218.0,175.0,198.0,278.0,260.0,260.0,235.0,332.0,268.0,195.0,275.0,275.0,264.0,292.0,346.0,135.0,135.0,176.0,318.0,231.0,247.0,191.0,290.0,278.0,263.3333333333333,260.0,317.0,179.0,267.0,335.0,250.0,283.0,65.0,260.0,252.0,252.0,246.0,166.0,351.0,166.0,130.0,278.0,304.0,104.0,66.0,221.0,10.0,10.0,10.0,308.0,242.0,263.3333333333333
2018,1,9,0,WIN_D_INST,287.0,252.0,44.0,287.0,252.0,281.0,281.0,281.0,280.0,280.0,280.0,280.0,268.0,268.0,268.0,268.0,267.0,267.0,305.0,305.0,267.0,64.0,64.0,259.0,259.0,275.0,275.0,275.0,173.0,173.0,187.0,329.0,329.0,272.0,176.0,176.0,176.0,176.0,176.0,250.0,250.0,250.0,250.0,250.0,250.0,295.0,295.0,258.0,258.0,267.0,262.0,278.0,244.0,252.0,221.0,221.0,221.0,221.0,221.0,221.0,221.0,221.0,289.0,89.0,289.0,89.0,89.0,255.0,255.0,255.0,204.0,270.0,304.0,304.0,304.0,289.0,49.0,299.0,299.0,299.0,271.0,260.0,306.0,34.0,34.0,306.0,306.0,19.0,346.0,149.0,155.0,155.0,278.0,354.0,98.0,82.0,82.0,82.0,82.0,187.0,262.0,262.0,295.0,295.0,316.0,316.0,316.0,163.0,163.0,163.0,286.0,286.0,312.0,265.0,265.0,238.0,255.0,239.0,249.0,259.0,120.0,226.0,124.0,245.0,219.0,218.0,239.0,239.0,222.0,222.0,222.0,222.0,207.0,207.0,273.0,273.0,286.0,286.0,286.0,142.0,142.0,142.0,142.0,142.0,142.0,142.0,272.0,272.0,272.0,176.0,176.0,176.0,261.0,261.0,261.0,261.0,261.0,272.0,272.0,272.0,253.0,253.0,242.0,325.0,157.66666666666666,157.66666666666666,177.66666666666666,346.0,47.0,340.0,340.0,318.0,115.0,76.0,0.0,0.0,167.0,167.0,167.0,321.0,79.0,225.0,225.0,282.0,282.0,287.0,332.0,309.0,354.0,273.0,96.0,96.0,255.0,255.0,255.0,255.0,292.0,292.0,292.0,268.0,268.0,268.0,48.0,48.0,48.0,264.0,93.0,93.0,93.0,269.0,174.0,174.0,244.0,224.0,224.0,233.0,233.0,233.0,349.0,284.0,267.0,267.0,39.0,222.0,354.0,354.0,354.0,65.0,288.0,288.0,23.0,140.0,140.0,140.0,266.0,266.0,266.0,266.0,233.0,233.0,233.0,233.0,233.0,130.0,130.0,130.0,247.0,177.0,177.0,247.0,213.0,213.0,213.0,232.0,91.0,196.0,91.0,224.0,224.0,113.0,224.0,157.0,15.0,15.0,15.0,152.0,152.0,119.0,119.0,346.0,346.0,20.0,98.0,112.33333333333331,112.33333333333331,112.33333333333331,11.0,90.0,90.0,90.0,105.0,275.0,275.0,275.0,349.0,349.0,349.0,243.66666666666663,243.66666666666663,298.0,298.0,298.0,298.0,0.0,0.0,356.0,356.0,11.0,11.0,99.0,152.0,111.0,218.0,174.0,148.0,276.0,287.0,287.0,199.0,231.0,25.0,130.0,266.0,266.0,290.0,300.0,295.0,194.0,194.0,235.0,318.0,222.0,252.0,268.0,338.0,270.0,354.0,287.0,272.0,275.0,244.0,338.0,259.0,262.0,91.0,265.0,278.0,278.0,244.0,155.0,346.0,155.0,207.0,115.0,259.0,253.0,149.0,255.0,38.0,38.0,38.0,208.0,149.0,354.0
2018,1,9,3,WIN_D_INST,301.0,295.0,338.0,301.0,295.0,334.0,334.0,334.0,279.0,279.0,279.0,279.0,264.0,264.0,264.0,264.0,328.0,328.0,24.0,24.0,328.0,332.0,332.0,252.0,252.0,277.0,277.0,277.0,308.0,308.0,235.0,295.0,295.0,261.0,272.0,272.0,272.0,272.0,272.0,304.0,304.0,304.0,304.0,304.0,304.0,278.0,278.0,275.0,275.0,270.0,256.0,243.0,254.0,275.0,244.0,244.0,244.0,244.0,244.0,244.0,244.0,244.0,272.0,305.0,272.0,305.0,305.0,308.0,308.0,308.0,302.0,306.0,343.0,343.0,343.0,272.0,48.0,256.0,256.0,256.0,259.0,250.0,327.0,49.0,49.0,327.0,327.0,48.0,125.0,96.0,62.0,62.0,164.0,194.0,28.0,139.0,139.0,139.0,139.0,327.0,289.0,289.0,320.0,320.0,313.0,313.0,313.0,340.0,340.0,340.0,295.0,295.0,287.0,251.0,251.0,267.0,249.0,256.0,241.0,265.0,210.0,319.0,301.0,279.0,236.0,217.0,298.0,298.0,253.0,253.0,253.0,253.0,281.0,281.0,279.0,279.0,340.0,340.0,340.0,289.0,289.0,289.0,289.0,289.0,289.0,289.0,261.0,261.0,261.0,272.0,272.0,272.0,261.0,261.0,261.0,261.0,261.0,286.0,286.0,286.0,295.0,295.0,236.0,298.0,235.0,235.0,174.66666666666666,6.0,39.0,28.0,28.0,287.0,129.0,70.0,256.0,256.0,232.0,232.0,232.0,296.0,323.0,236.0,236.0,273.0,273.0,291.0,281.0,349.0,224.0,25.0,218.0,218.0,322.0,322.0,322.0,322.0,306.0,306.0,306.0,264.0,264.0,264.0,252.0,252.0,252.0,0.0,245.0,245.0,245.0,309.0,256.0,256.0,309.0,255.0,255.0,249.0,249.0,249.0,304.0,264.0,250.0,250.0,194.0,248.0,329.0,329.0,329.0,172.0,289.0,289.0,6.0,294.0,294.0,294.0,238.0,238.0,238.0,238.0,87.0,87.0,87.0,87.0,87.0,201.0,201.0,201.0,249.0,160.0,160.0,164.0,215.0,215.0,215.0,43.0,207.0,272.0,207.0,54.0,54.0,99.0,215.0,30.0,27.0,27.0,27.0,217.0,217.0,317.0,317.0,99.0,99.0,0.0,0.0,156.0,156.0,156.0,201.0,110.0,110.0,110.0,317.0,153.0,153.0,153.0,28.0,28.0,28.0,98.0,98.0,338.0,338.0,338.0,338.0,0.0,0.0,149.0,149.0,82.0,82.0,50.0,260.0,48.0,161.0,267.0,168.0,301.0,291.0,291.0,134.0,73.0,159.0,31.0,249.0,249.0,276.0,298.0,303.0,231.0,231.0,235.0,287.0,253.0,295.0,264.0,332.0,306.0,194.0,291.0,261.0,153.0,278.0,340.0,252.0,289.0,207.0,284.0,243.0,243.0,254.0,62.0,125.0,62.0,281.0,129.0,308.0,326.0,277.0,249.0,66.0,66.0,66.0,246.0,96.0,194.0
2018,1,9,6,WIN_D_INST,332.0,329.0,349.0,332.0,329.0,306.0,306.0,306.0,314.0,314.0,314.0,314.0,6.0,6.0,6.0,6.0,343.0,343.0,353.0,353.0,343.0,350.0,350.0,304.0,304.0,325.0,325.0,325.0,329.0,329.0,258.0,354.0,354.0,249.0,252.0,252.0,252.0,252.0,252.0,17.0,17.0,17.0,17.0,17.0,17.0,326.0,326.0,270.0,270.0,270.0,281.0,284.0,287.0,245.0,295.0,295.0,295.0,295.0,295.0,295.0,295.0,295.0,314.0,293.0,314.0,293.0,293.0,289.0,289.0,289.0,258.0,280.0,336.0,336.0,336.0,314.0,77.0,294.0,294.0,294.0,279.0,252.0,340.0,21.0,21.0,340.0,340.0,48.0,65.0,205.0,174.0,174.0,128.0,239.0,66.0,23.0,23.0,23.0,23.0,344.0,17.0,17.0,306.0,306.0,295.0,295.0,295.0,39.0,39.0,39.0,9.0,9.0,318.0,248.0,248.0,229.0,315.0,259.0,272.0,211.0,241.0,315.0,304.0,272.0,293.0,306.0,304.0,304.0,287.0,287.0,287.0,287.0,275.0,275.0,290.0,290.0,306.0,306.0,306.0,354.0,354.0,354.0,354.0,354.0,354.0,354.0,249.0,249.0,249.0,252.0,252.0,252.0,275.0,275.0,275.0,275.0,275.0,289.0,289.0,289.0,284.0,284.0,290.0,210.0,198.0,198.0,170.33333333333334,53.0,34.0,26.0,26.0,264.0,101.0,211.0,135.0,135.0,351.0,351.0,351.0,223.0,31.0,276.0,276.0,300.0,300.0,286.0,301.0,349.0,224.0,290.0,261.0,261.0,327.0,327.0,327.0,327.0,0.0,0.0,0.0,279.0,279.0,279.0,312.0,312.0,312.0,349.0,304.0,304.0,304.0,278.0,284.0,284.0,292.0,266.0,266.0,287.0,287.0,287.0,357.0,250.0,233.0,233.0,228.0,225.0,273.0,273.0,273.0,107.0,317.0,317.0,335.0,77.0,77.0,77.0,303.0,303.0,303.0,303.0,29.0,29.0,29.0,29.0,29.0,218.0,218.0,218.0,320.0,143.0,143.0,252.0,255.0,255.0,255.0,320.0,247.0,292.0,247.0,332.0,332.0,102.0,292.0,2.0,13.0,13.0,13.0,155.0,155.0,209.0,209.0,54.0,54.0,357.0,31.0,244.0,244.0,244.0,323.0,228.0,228.0,228.0,232.0,136.0,136.0,136.0,57.0,57.0,57.0,132.0,132.0,346.0,346.0,346.0,346.0,70.0,70.0,179.0,179.0,224.0,224.0,322.0,186.0,334.0,117.0,75.0,7.0,301.0,286.0,286.0,74.0,307.0,63.0,336.0,289.0,289.0,295.0,306.0,340.0,134.0,134.0,235.0,264.0,287.0,329.0,279.0,309.0,280.0,239.0,286.0,249.0,136.0,310.0,160.0,304.0,17.0,247.0,259.0,284.0,284.0,287.0,174.0,65.0,174.0,275.0,101.0,312.0,354.0,260.0,315.0,138.0,138.0,138.0,275.0,205.0,239.0
2018,1,9,9,WIN_D_INST,3.0,348.0,332.0,3.0,348.0,298.0,298.0,298.0,298.0,298.0,298.0,298.0,339.0,339.0,339.0,339.0,320.0,320.0,308.0,308.0,320.0,327.0,327.0,310.0,310.0,318.0,318.0,318.0,337.0,337.0,281.0,303.0,303.0,190.0,96.0,96.0,96.0,96.0,96.0,25.0,25.0,25.0,25.0,25.0,25.0,343.0,343.0,264.0,264.0,266.0,261.0,272.0,281.0,246.0,269.0,269.0,269.0,269.0,269.0,269.0,269.0,269.0,264.0,321.0,264.0,321.0,321.0,234.0,234.0,234.0,250.0,275.0,313.0,313.0,313.0,264.0,261.0,296.0,296.0,296.0,286.0,277.0,356.0,351.0,351.0,356.0,356.0,28.0,85.0,82.0,68.0,68.0,150.0,228.0,58.0,76.0,76.0,76.0,76.0,266.0,0.0,0.0,303.0,303.0,311.0,311.0,311.0,338.0,338.0,338.0,164.0,164.0,346.0,267.0,267.0,264.0,289.0,281.0,283.0,274.0,281.0,295.0,321.0,317.0,349.0,280.0,273.0,273.0,290.0,290.0,290.0,290.0,332.0,332.0,351.0,351.0,306.0,306.0,306.0,6.0,6.0,6.0,6.0,6.0,6.0,6.0,190.0,190.0,190.0,96.0,96.0,96.0,281.0,281.0,281.0,281.0,281.0,292.0,292.0,292.0,301.0,301.0,301.0,272.0,198.0,198.0,177.33333333333334,318.0,27.0,221.0,221.0,290.0,135.0,39.0,14.0,14.0,343.0,343.0,343.0,108.0,8.0,225.0,225.0,296.0,296.0,292.0,281.0,318.0,225.0,242.0,292.0,292.0,302.0,302.0,302.0,302.0,312.0,312.0,312.0,271.0,271.0,271.0,357.0,357.0,357.0,298.0,270.0,270.0,270.0,261.0,290.0,290.0,300.0,238.0,238.0,261.0,261.0,261.0,293.0,248.0,273.0,273.0,259.0,236.0,276.0,276.0,276.0,62.0,313.0,313.0,65.0,111.0,111.0,111.0,252.0,252.0,252.0,252.0,64.0,64.0,64.0,64.0,64.0,235.0,235.0,235.0,300.0,354.0,354.0,258.0,315.0,315.0,315.0,247.0,247.0,275.0,247.0,264.0,264.0,37.0,312.0,78.0,308.0,308.0,308.0,71.0,71.0,241.0,241.0,269.0,269.0,17.0,42.0,269.0,269.0,269.0,26.0,259.0,259.0,259.0,292.0,54.0,54.0,54.0,210.0,210.0,210.0,146.0,146.0,352.0,352.0,352.0,352.0,350.0,350.0,166.0,166.0,48.0,48.0,238.0,333.0,99.0,93.0,214.0,304.0,315.0,292.0,292.0,306.0,114.0,283.0,340.0,249.0,249.0,321.0,315.0,357.0,299.0,299.0,272.0,290.0,290.0,348.0,271.0,321.0,275.0,228.0,292.0,190.0,54.0,261.0,93.0,310.0,0.0,247.0,268.0,272.0,272.0,281.0,68.0,85.0,68.0,332.0,135.0,291.0,293.0,286.0,289.0,139.0,139.0,139.0,319.0,82.0,228.0
2018,1,9,12,WIN_D_INST,318.0,190.0,271.0,318.0,190.0,323.0,323.0,323.0,308.0,308.0,308.0,308.0,348.0,348.0,348.0,348.0,235.0,235.0,310.0,310.0,235.0,320.0,320.0,344.0,344.0,334.0,334.0,334.0,297.0,297.0,252.0,292.0,292.0,303.0,278.0,278.0,278.0,278.0,278.0,34.0,34.0,34.0,34.0,34.0,34.0,3.0,3.0,270.0,270.0,253.0,261.0,266.0,249.0,270.0,221.0,221.0,221.0,221.0,221.0,221.0,221.0,221.0,342.0,292.0,342.0,292.0,292.0,307.0,307.0,307.0,290.0,278.0,283.0,283.0,283.0,342.0,42.0,346.0,346.0,346.0,318.0,320.0,352.0,34.0,34.0,352.0,352.0,341.0,37.0,357.0,338.0,338.0,6.0,357.0,33.0,230.0,230.0,230.0,230.0,289.0,312.0,312.0,315.0,315.0,281.0,281.0,281.0,329.0,329.0,329.0,300.0,300.0,315.0,316.0,316.0,235.0,306.0,332.0,354.0,262.0,334.0,319.0,340.0,325.0,8.0,14.0,290.0,290.0,329.0,329.0,329.0,329.0,0.0,0.0,270.0,270.0,295.0,295.0,295.0,329.0,329.0,329.0,329.0,329.0,329.0,329.0,303.0,303.0,303.0,278.0,278.0,278.0,283.0,283.0,283.0,283.0,283.0,269.0,269.0,269.0,270.0,270.0,264.0,1.0,173.0,173.0,164.33333333333334,11.0,53.0,351.0,351.0,127.0,268.3333333333333,349.0,25.0,25.0,96.0,96.0,96.0,76.0,301.0,214.0,214.0,305.0,305.0,276.0,323.0,349.0,264.0,174.33333333333334,298.0,298.0,309.0,309.0,309.0,309.0,312.0,312.0,312.0,271.0,271.0,271.0,309.0,309.0,309.0,239.0,293.0,293.0,293.0,320.0,245.0,245.0,298.0,221.0,221.0,176.0,176.0,176.0,293.0,281.0,262.0,262.0,225.0,295.0,219.0,219.0,219.0,250.0,312.0,312.0,101.0,243.0,243.0,243.0,286.0,286.0,286.0,286.0,176.0,176.0,176.0,176.0,176.0,258.0,258.0,258.0,289.0,329.0,329.0,286.0,278.0,278.0,278.0,278.0,221.0,289.0,221.0,238.0,238.0,179.0,249.0,197.0,319.0,319.0,319.0,31.0,31.0,24.0,24.0,258.0,258.0,28.0,93.0,71.0,71.0,71.0,160.66666666666666,207.0,207.0,207.0,116.0,334.0,334.0,334.0,94.0,94.0,94.0,56.0,56.0,323.0,323.0,323.0,323.0,34.0,34.0,254.0,254.0,60.0,60.0,51.0,66.0,221.0,231.0,187.0,201.0,298.0,276.0,276.0,314.0,109.0,281.0,267.0,258.0,258.0,267.0,286.0,326.0,139.0,139.0,164.0,127.0,329.0,190.0,271.0,298.0,278.0,357.0,276.0,303.0,334.0,193.0,332.0,344.0,312.0,221.0,270.0,266.0,266.0,249.0,338.0,37.0,338.0,0.0,268.3333333333333,320.0,321.0,335.0,306.0,63.0,63.0,63.0,299.0,357.0,357.0
2018,1,9,15,WIN_D_INST,285.0,317.0,248.0,285.0,317.0,255.0,255.0,255.0,323.0,323.0,323.0,323.0,242.0,242.0,242.0,242.0,8.0,8.0,317.0,317.0,8.0,322.0,322.0,319.0,319.0,298.0,298.0,298.0,313.0,313.0,289.0,283.0,283.0,323.0,323.0,323.0,323.0,323.0,323.0,6.0,6.0,6.0,6.0,6.0,6.0,354.0,354.0,262.0,262.0,279.0,338.0,272.0,275.0,262.0,230.0,230.0,230.0,230.0,230.0,230.0,230.0,230.0,294.0,132.0,294.0,132.0,132.0,355.0,355.0,355.0,297.0,263.0,331.0,331.0,331.0,294.0,161.0,317.0,317.0,317.0,297.0,267.0,351.0,4.0,4.0,351.0,351.0,36.0,26.0,0.0,266.3333333333333,266.3333333333333,286.0,51.0,42.0,149.0,149.0,149.0,149.0,309.0,215.0,215.0,283.0,283.0,306.0,306.0,306.0,343.0,343.0,343.0,332.0,332.0,276.0,312.0,312.0,341.0,292.0,349.0,329.0,288.0,13.0,341.0,309.0,300.0,0.0,354.0,307.0,307.0,242.0,242.0,242.0,242.0,269.0,269.0,271.0,271.0,295.0,295.0,295.0,351.0,351.0,351.0,351.0,351.0,351.0,351.0,323.0,323.0,323.0,323.0,323.0,323.0,281.0,281.0,281.0,281.0,281.0,252.0,252.0,252.0,267.0,267.0,222.0,324.0,142.66666666666666,142.66666666666666,210.0,8.0,11.0,329.0,329.0,141.0,281.0,293.0,338.0,338.0,108.0,108.0,108.0,333.0,332.0,245.0,245.0,255.0,255.0,241.0,290.0,332.0,264.0,206.0,111.0,111.0,311.0,311.0,311.0,311.0,315.0,315.0,315.0,258.0,258.0,258.0,289.0,289.0,289.0,335.0,3.0,3.0,3.0,312.0,174.0,174.0,278.0,281.0,281.0,259.0,259.0,259.0,267.0,309.0,273.0,273.0,264.0,293.0,312.0,312.0,312.0,183.0,299.3333333333333,299.3333333333333,146.0,244.0,244.0,244.0,238.0,238.0,238.0,238.0,230.0,230.0,230.0,230.0,230.0,196.0,196.0,196.0,295.0,219.0,219.0,269.0,108.0,108.0,108.0,283.0,238.0,337.0,238.0,349.0,349.0,119.0,241.0,249.0,4.0,4.0,4.0,20.0,20.0,0.0,0.0,230.0,230.0,28.0,48.0,246.66666666666663,246.66666666666663,246.66666666666663,187.0,253.0,253.0,253.0,298.0,193.0,193.0,193.0,82.0,82.0,82.0,290.0,290.0,68.0,68.0,68.0,68.0,339.0,339.0,307.0,307.0,40.0,40.0,46.0,61.0,28.0,234.0,163.0,243.0,343.0,241.0,241.0,286.0,98.0,312.0,271.0,315.0,315.0,340.0,286.0,332.0,136.0,136.0,139.0,141.0,242.0,317.0,258.0,318.0,263.0,51.0,241.0,323.0,193.0,274.0,338.0,319.0,215.0,238.0,273.0,272.0,272.0,275.0,266.3333333333333,26.0,266.3333333333333,269.0,281.0,301.0,323.0,341.0,292.0,40.0,40.0,40.0,302.0,0.0,51.0
2018,1,9,18,WIN_D_INST,53.0,116.0,336.0,53.0,116.0,357.0,357.0,357.0,291.0,291.0,291.0,291.0,269.0,269.0,269.0,269.0,347.0,347.0,352.0,352.0,347.0,9.0,9.0,259.0,259.0,316.0,316.0,316.0,296.0,296.0,292.0,306.0,306.0,275.0,275.0,275.0,275.0,275.0,275.0,321.0,321.0,321.0,321.0,321.0,321.0,317.0,317.0,248.0,248.0,276.0,274.0,256.0,274.0,282.0,0.0,0.0,0.0,0.0,0.0,0.0,0.0,0.0,298.0,330.0,298.0,330.0,330.0,263.0,263.0,263.0,268.3333333333333,231.0,320.0,320.0,320.0,298.0,186.0,295.0,295.0,295.0,280.0,283.0,14.0,31.0,31.0,14.0,14.0,68.0,40.0,177.0,233.0,233.0,323.0,276.0,359.0,64.0,64.0,64.0,64.0,258.0,248.3333333333333,248.3333333333333,272.0,272.0,312.0,312.0,312.0,354.0,354.0,354.0,312.0,312.0,295.0,293.0,293.0,279.0,286.0,346.0,272.0,242.0,294.0,322.0,326.0,300.0,287.0,97.0,284.0,284.0,281.0,281.0,281.0,281.0,354.0,354.0,279.0,279.0,312.0,312.0,312.0,309.0,309.0,309.0,309.0,309.0,309.0,309.0,275.0,275.0,275.0,275.0,275.0,275.0,329.0,329.0,329.0,329.0,329.0,300.0,300.0,300.0,276.0,276.0,177.0,306.0,174.66666666666666,174.66666666666666,94.66666666666669,0.0,38.0,255.0,255.0,349.0,276.0,278.6666666666667,42.0,42.0,164.0,164.0,164.0,312.0,307.0,248.0,248.0,277.0,277.0,252.0,250.0,11.0,228.0,267.0,153.0,153.0,325.0,325.0,325.0,325.0,329.0,329.0,329.0,267.0,267.0,267.0,218.0,218.0,218.0,329.0,90.0,90.0,90.0,303.0,242.0,242.0,326.0,317.0,317.0,234.0,234.0,234.0,245.0,290.0,287.0,287.0,295.0,281.0,115.0,115.0,115.0,200.0,293.0,293.0,17.0,236.0,236.0,236.0,278.0,278.0,278.0,278.0,221.0,221.0,221.0,221.0,221.0,150.0,150.0,150.0,283.0,141.0,141.0,235.0,230.0,230.0,230.0,289.0,60.0,238.0,60.0,221.0,221.0,159.0,255.0,270.0,52.0,52.0,52.0,60.0,60.0,28.0,28.0,57.0,57.0,6.0,31.0,326.0,326.0,326.0,218.0,281.0,281.0,281.0,221.0,275.0,275.0,275.0,74.0,74.0,74.0,259.0,259.0,0.0,0.0,0.0,0.0,351.0,351.0,131.0,131.0,292.0,292.0,59.0,0.0,82.0,201.3333333333333,170.0,179.0,304.0,252.0,252.0,300.0,117.0,21.0,230.0,292.0,292.0,281.0,71.0,309.0,142.0,142.0,187.0,349.0,281.0,116.0,267.0,295.0,231.0,276.0,252.0,275.0,275.0,295.0,329.0,259.0,248.3333333333333,60.0,275.0,256.0,256.0,274.0,233.0,40.0,233.0,354.0,276.0,358.0,323.0,288.0,286.0,46.0,46.0,46.0,306.0,177.0,276.0
2018,1,9,21,WIN_D_INST,149.0,47.0,344.0,149.0,47.0,317.0,317.0,317.0,323.0,323.0,323.0,323.0,264.0,264.0,264.0,264.0,315.0,315.0,321.0,321.0,315.0,318.0,318.0,267.0,267.0,349.0,349.0,349.0,86.0,86.0,255.0,340.0,340.0,292.0,298.0,298.0,298.0,298.0,298.0,335.0,335.0,335.0,335.0,335.0,335.0,332.0,332.0,283.0,283.0,271.0,276.0,288.0,280.0,305.0,244.0,244.0,244.0,244.0,244.0,244.0,244.0,244.0,273.0,165.0,273.0,165.0,165.0,359.0,359.0,359.0,204.0,247.0,289.0,289.0,289.0,273.0,208.0,318.0,318.0,318.0,290.0,286.0,356.0,35.0,35.0,356.0,356.0,35.0,27.666666666666668,250.0,228.0,228.0,346.0,183.0,33.0,104.0,104.0,104.0,104.0,114.0,269.0,269.0,298.0,298.0,333.0,333.0,333.0,346.0,346.0,346.0,357.0,357.0,332.0,288.0,288.0,274.0,275.0,290.0,244.0,271.0,121.0,324.0,301.0,297.0,242.0,129.0,301.0,301.0,278.0,278.0,278.0,278.0,147.0,147.0,272.0,272.0,37.0,37.0,37.0,286.0,286.0,286.0,286.0,286.0,286.0,286.0,292.0,292.0,292.0,298.0,298.0,298.0,261.0,261.0,261.0,261.0,261.0,295.0,295.0,295.0,276.0,276.0,262.0,295.0,204.0,204.0,105.66666666666669,8.0,45.0,273.3333333333333,273.3333333333333,143.0,304.0,219.66666666666663,148.33333333333334,148.33333333333334,179.0,179.0,179.0,346.0,301.0,276.0,276.0,254.0,254.0,251.0,17.0,56.0,244.0,236.0,312.0,312.0,325.0,325.0,325.0,325.0,332.0,332.0,332.0,251.0,251.0,251.0,334.0,334.0,334.0,338.0,127.0,127.0,127.0,292.0,256.0,256.0,298.0,326.0,326.0,101.0,101.0,101.0,278.0,293.0,290.0,290.0,315.0,228.0,84.0,84.0,84.0,174.0,293.0,293.0,79.0,248.0,248.0,248.0,255.0,255.0,255.0,255.0,217.0,217.0,217.0,217.0,217.0,113.0,113.0,113.0,238.0,273.0,273.0,275.0,218.0,218.0,218.0,224.0,105.0,37.0,105.0,269.3333333333333,269.3333333333333,102.0,139.0,194.0,29.0,29.0,29.0,226.0,226.0,174.0,174.0,57.0,57.0,31.0,8.0,343.0,343.0,343.0,231.3333333333333,113.0,113.0,113.0,88.0,232.0,232.0,232.0,71.0,71.0,71.0,294.6666666666667,294.6666666666667,321.0,321.0,321.0,321.0,335.0,335.0,266.0,266.0,289.0,289.0,116.0,192.0,14.0,156.0,148.0,141.0,287.0,251.0,251.0,270.0,80.0,323.0,166.0,298.0,298.0,315.0,300.0,306.0,128.0,128.0,173.0,143.0,278.0,47.0,251.0,309.0,247.0,183.0,251.0,292.0,232.0,308.0,329.0,267.0,269.0,105.0,302.0,288.0,288.0,280.0,228.0,27.666666666666668,228.0,147.0,304.0,302.0,352.0,319.0,275.0,41.0,41.0,41.0,316.0,250.0,183.0
2018,1,10,0,WIN_D_INST,198.0,172.0,329.0,198.0,172.0,323.0,323.0,323.0,288.0,288.0,288.0,288.0,140.0,140.0,140.0,140.0,140.0,140.0,311.0,311.0,140.0,291.0,291.0,21.0,21.0,344.0,344.0,344.0,63.0,63.0,204.0,179.0,179.0,326.0,261.0,261.0,261.0,261.0,261.0,11.0,11.0,11.0,11.0,11.0,11.0,300.0,300.0,278.0,278.0,275.0,247.0,251.0,294.0,256.0,317.0,317.0,317.0,317.0,317.0,317.0,317.0,317.0,281.0,77.0,281.0,77.0,77.0,78.0,78.0,78.0,300.0,277.0,336.0,336.0,336.0,281.0,0.0,305.0,305.0,305.0,287.0,276.0,358.0,47.0,47.0,358.0,358.0,5.0,17.0,51.0,180.0,180.0,329.0,14.0,325.0,64.0,64.0,64.0,64.0,264.0,298.0,298.0,249.0,249.0,289.0,289.0,289.0,352.0,352.0,352.0,323.0,323.0,357.0,313.0,313.0,276.0,113.0,298.0,289.0,282.0,28.0,323.0,312.0,300.0,25.0,148.0,20.0,20.0,205.0,205.0,205.0,205.0,173.0,173.0,232.0,232.0,312.0,312.0,312.0,349.0,349.0,349.0,349.0,349.0,349.0,349.0,326.0,326.0,326.0,261.0,261.0,261.0,295.0,295.0,295.0,295.0,295.0,261.0,261.0,261.0,273.0,273.0,253.0,298.0,232.0,232.0,105.66666666666669,349.0,36.0,296.6666666666667,296.6666666666667,155.0,152.0,23.0,65.0,65.0,193.0,193.0,193.0,351.0,309.0,152.0,152.0,307.0,307.0,229.0,307.0,335.0,345.0,115.0,281.0,281.0,299.0,299.0,299.0,299.0,247.0,247.0,247.0,154.0,154.0,154.0,295.0,295.0,295.0,312.0,169.0,169.0,169.0,320.0,278.0,278.0,306.0,340.0,340.0,232.0,232.0,232.0,281.0,273.0,242.0,242.0,287.0,211.0,197.0,197.0,197.0,146.33333333333334,173.0,173.0,14.0,264.0,264.0,264.0,298.0,298.0,298.0,298.0,157.0,157.0,157.0,157.0,157.0,207.0,207.0,207.0,218.0,233.0,233.0,269.0,320.0,320.0,320.0,289.0,303.0,14.0,303.0,238.0,238.0,82.0,241.0,159.0,328.0,328.0,328.0,328.0,328.0,268.0,268.0,71.0,71.0,45.0,343.0,232.0,232.0,232.0,93.33333333333331,161.33333333333334,161.33333333333334,161.33333333333334,138.0,198.0,198.0,198.0,48.0,48.0,48.0,335.0,335.0,352.0,352.0,352.0,352.0,21.0,21.0,258.0,258.0,326.0,326.0,225.0,0.0,69.0,213.0,164.0,156.0,278.0,229.0,229.0,223.0,216.0,123.0,149.0,213.0,213.0,203.0,337.0,303.3333333333333,119.0,119.0,184.0,155.0,205.0,172.0,154.0,323.0,277.0,14.0,229.0,326.0,198.0,290.0,323.0,21.0,298.0,303.0,273.0,251.0,251.0,294.0,180.0,17.0,180.0,173.0,152.0,288.0,335.0,30.0,113.0,5.0,5.0,5.0,311.0,51.0,14.0
2018,1,10,3,WIN_D_INST,142.0,112.0,241.0,142.0,112.0,340.0,340.0,340.0,296.0,296.0,296.0,296.0,119.0,119.0,119.0,119.0,152.0,152.0,207.0,207.0,152.0,313.0,313.0,26.0,26.0,24.0,24.0,24.0,135.0,135.0,298.0,337.0,337.0,326.0,281.0,281.0,281.0,281.0,281.0,6.0,6.0,6.0,6.0,6.0,6.0,329.0,329.0,291.0,291.0,263.0,261.0,250.0,279.0,312.0,0.0,0.0,0.0,0.0,0.0,0.0,0.0,0.0,297.0,282.0,297.0,282.0,282.0,50.0,50.0,50.0,311.0,297.0,327.0,327.0,327.0,297.0,62.0,327.0,327.0,327.0,306.0,292.0,359.0,26.0,26.0,359.0,359.0,17.0,204.0,278.0,180.0,180.0,122.0,273.0,334.0,154.0,154.0,154.0,154.0,57.0,122.0,122.0,286.0,286.0,288.0,288.0,288.0,6.0,6.0,6.0,3.0,3.0,312.0,311.0,311.0,261.0,57.0,270.0,272.0,242.0,317.0,340.0,315.0,312.0,318.0,149.0,295.0,295.0,160.0,160.0,160.0,160.0,298.0,298.0,289.0,289.0,351.0,351.0,351.0,303.0,303.0,303.0,303.0,303.0,303.0,303.0,326.0,326.0,326.0,281.0,281.0,281.0,295.0,295.0,295.0,295.0,295.0,258.0,258.0,258.0,290.0,290.0,312.0,126.0,306.0,306.0,198.0,354.0,55.0,136.0,136.0,208.0,118.0,48.0,0.0,0.0,213.0,213.0,213.0,320.0,270.0,273.0,273.0,263.0,263.0,238.0,270.0,197.0,283.0,130.33333333333334,125.0,125.0,279.0,279.0,279.0,279.0,317.0,317.0,317.0,264.0,264.0,264.0,286.0,286.0,286.0,214.0,281.0,281.0,281.0,346.0,259.0,259.0,320.0,312.0,312.0,359.0,359.0,359.0,315.0,270.0,270.0,270.0,290.0,290.0,113.0,113.0,113.0,217.0,261.0,261.0,301.0,331.0,331.0,331.0,306.0,306.0,306.0,306.0,29.0,29.0,29.0,29.0,29.0,300.0,300.0,300.0,286.0,290.0,290.0,264.0,337.0,337.0,337.0,20.0,269.0,176.0,269.0,167.0,167.0,14.0,145.0,294.0,47.0,47.0,47.0,167.0,167.0,202.0,202.0,351.0,351.0,3.0,23.0,156.0,156.0,156.0,156.0,281.0,281.0,281.0,20.0,198.0,198.0,198.0,128.0,128.0,128.0,284.0,284.0,346.0,346.0,346.0,346.0,328.0,328.0,303.0,303.0,312.0,312.0,75.0,215.0,349.0,112.0,224.0,130.0,186.3333333333333,238.0,238.0,96.0,108.0,235.0,83.0,264.0,264.0,248.0,320.0,317.0,159.0,159.0,244.0,208.0,160.0,112.0,264.0,293.0,297.0,273.0,238.0,326.0,198.0,293.0,228.0,26.0,122.0,269.0,282.0,250.0,250.0,279.0,180.0,204.0,180.0,298.0,118.0,345.0,0.0,277.0,57.0,37.0,37.0,37.0,328.0,278.0,273.0
2018,1,10,6,WIN_D_INST,152.0,150.0,249.0,152.0,150.0,317.0,317.0,317.0,298.0,298.0,298.0,298.0,155.0,155.0,155.0,155.0,139.0,139.0,154.0,154.0,139.0,340.0,340.0,289.0,289.0,359.0,359.0,359.0,203.0,203.0,281.0,37.0,37.0,340.0,289.0,289.0,289.0,289.0,289.0,23.0,23.0,23.0,23.0,23.0,23.0,354.0,354.0,271.0,271.0,274.0,309.0,266.0,283.0,287.0,334.0,334.0,334.0,334.0,334.0,334.0,334.0,334.0,290.0,321.0,290.0,321.0,321.0,326.0,326.0,326.0,51.0,292.0,350.0,350.0,350.0,290.0,25.0,325.0,325.0,325.0,315.0,298.0,350.0,1.0,1.0,350.0,350.0,13.0,351.0,203.0,37.0,37.0,210.0,267.0,26.0,255.0,255.0,255.0,255.0,338.0,343.0,343.0,275.0,275.0,305.0,305.0,305.0,335.0,335.0,335.0,14.0,14.0,315.0,30.0,30.0,294.0,300.0,326.0,340.0,294.0,315.0,315.0,323.0,325.0,332.0,266.0,273.0,273.0,236.0,236.0,236.0,236.0,162.0,162.0,298.0,298.0,343.0,343.0,343.0,349.0,349.0,349.0,349.0,349.0,349.0,349.0,340.0,340.0,340.0,289.0,289.0,289.0,306.0,306.0,306.0,306.0,306.0,283.0,283.0,283.0,278.0,278.0,267.0,144.0,48.0,48.0,170.33333333333334,321.0,51.0,94.0,94.0,59.0,208.0,225.0,169.0,169.0,269.0,269.0,269.0,340.0,183.0,293.0,293.0,300.0,300.0,280.0,169.0,250.0,244.0,214.0,343.0,343.0,303.0,303.0,303.0,303.0,298.0,298.0,298.0,264.0,264.0,264.0,326.0,326.0,326.0,186.0,309.0,309.0,309.0,326.0,270.0,270.0,306.0,357.0,357.0,28.0,28.0,28.0,287.0,298.0,312.0,312.0,315.0,293.0,335.0,335.0,335.0,20.0,357.0,357.0,354.0,265.0,265.0,265.0,317.0,317.0,317.0,317.0,13.0,13.0,13.0,13.0,13.0,215.0,215.0,215.0,266.0,222.0,222.0,258.0,354.0,354.0,354.0,283.0,303.0,20.0,303.0,320.0,320.0,221.0,283.0,50.0,327.0,327.0,327.0,56.0,56.0,98.0,98.0,315.0,315.0,0.0,3.0,119.0,119.0,119.0,179.0,93.0,93.0,93.0,315.0,210.0,210.0,210.0,108.0,108.0,108.0,82.0,82.0,281.0,281.0,281.0,281.0,96.0,96.0,159.0,159.0,68.0,68.0,35.0,337.0,354.0,53.0,84.0,218.0,290.0,280.0,280.0,123.0,28.0,79.0,30.0,292.0,292.0,323.0,306.0,272.0,157.0,157.0,306.0,59.0,236.0,150.0,264.0,307.0,292.0,267.0,280.0,340.0,210.0,278.0,267.0,289.0,343.0,303.0,301.0,266.0,266.0,283.0,37.0,351.0,37.0,162.0,208.0,301.0,323.0,337.0,300.0,56.0,56.0,56.0,308.0,203.0,267.0
2018,1,10,9,WIN_D_INST,148.0,221.0,17.0,148.0,221.0,309.0,309.0,309.0,290.0,290.0,290.0,290.0,135.0,135.0,135.0,135.0,101.0,101.0,145.0,145.0,101.0,334.0,334.0,306.0,306.0,292.0,292.0,292.0,129.0,129.0,275.0,354.0,354.0,357.0,102.0,102.0,102.0,102.0,102.0,326.0,326.0,326.0,326.0,326.0,326.0,357.0,357.0,296.0,296.0,277.0,280.0,298.0,283.0,294.0,343.0,343.0,343.0,343.0,343.0,343.0,343.0,343.0,313.0,320.0,313.0,320.0,320.0,342.0,342.0,342.0,61.0,316.0,351.0,351.0,351.0,313.0,159.0,346.0,346.0,346.0,330.0,312.0,44.0,55.0,55.0,44.0,44.0,74.0,96.0,115.0,0.0,0.0,164.0,208.0,269.0,243.0,243.0,243.0,243.0,300.0,326.0,326.0,317.0,317.0,317.0,317.0,317.0,17.0,17.0,17.0,6.0,6.0,318.0,329.0,329.0,309.0,241.0,332.0,292.0,305.0,307.0,340.0,0.0,343.0,301.0,264.0,309.0,309.0,250.0,250.0,250.0,250.0,167.0,167.0,326.0,326.0,315.0,315.0,315.0,303.0,303.0,303.0,303.0,303.0,303.0,303.0,357.0,357.0,357.0,102.0,102.0,102.0,255.0,255.0,255.0,255.0,255.0,264.0,264.0,264.0,287.0,287.0,284.0,128.0,37.0,37.0,171.33333333333334,338.0,49.0,102.0,102.0,90.0,124.0,160.0,349.0,349.0,221.0,221.0,221.0,326.0,200.0,281.0,281.0,308.0,308.0,293.0,174.0,321.0,206.0,248.0,82.0,82.0,327.0,327.0,327.0,327.0,244.0,244.0,244.0,282.0,282.0,282.0,312.0,312.0,312.0,349.0,290.0,290.0,290.0,40.0,242.0,242.0,303.0,334.0,334.0,354.0,354.0,354.0,278.0,264.0,250.0,250.0,321.0,270.0,284.0,284.0,284.0,307.0,3.0,3.0,56.0,103.0,103.0,103.0,289.0,289.0,289.0,289.0,15.0,15.0,15.0,15.0,15.0,283.0,283.0,283.0,269.0,188.0,188.0,235.0,349.0,349.0,349.0,300.0,326.0,17.0,326.0,306.0,306.0,320.0,326.0,29.0,303.0,303.0,303.0,78.0,78.0,152.0,152.0,221.0,221.0,354.0,8.0,218.0,218.0,218.0,156.0,115.0,115.0,115.0,108.0,130.0,130.0,130.0,238.0,238.0,238.0,118.0,118.0,143.0,143.0,143.0,143.0,147.0,147.0,165.0,165.0,96.0,96.0,253.0,57.0,82.0,149.0,79.0,359.0,290.0,293.0,293.0,300.0,106.0,283.0,15.0,281.0,281.0,309.0,334.0,300.0,93.0,93.0,295.0,90.0,250.0,221.0,282.0,309.0,316.0,208.0,293.0,357.0,130.0,270.0,194.0,306.0,326.0,326.0,290.0,298.0,298.0,283.0,0.0,96.0,0.0,167.0,124.0,306.0,323.0,340.0,241.0,122.0,122.0,122.0,331.0,115.0,208.0
2018,1,10,12,WIN_D_INST,263.0,177.0,89.0,263.0,177.0,337.0,337.0,337.0,292.0,292.0,292.0,292.0,53.0,53.0,53.0,53.0,74.0,74.0,19.0,19.0,74.0,324.0,324.0,5.0,5.0,331.0,331.0,331.0,86.0,86.0,232.0,116.0,116.0,145.0,74.0,74.0,74.0,74.0,74.0,11.0,11.0,11.0,11.0,11.0,11.0,23.0,23.0,299.0,299.0,293.0,259.0,303.0,296.0,285.0,20.0,20.0,20.0,20.0,20.0,20.0,20.0,20.0,342.0,350.0,342.0,350.0,350.0,236.0,236.0,236.0,29.0,296.0,54.0,54.0,54.0,342.0,293.0,347.0,347.0,347.0,309.0,309.0,349.0,31.0,31.0,349.0,349.0,358.0,14.0,62.0,23.0,23.0,346.0,14.0,16.0,88.0,88.0,88.0,88.0,257.6666666666667,343.0,343.0,346.0,346.0,298.0,298.0,298.0,59.0,59.0,59.0,346.0,346.0,3.0,359.0,359.0,170.33333333333334,51.0,295.0,224.0,219.0,190.0,346.0,34.0,351.0,110.0,80.0,82.0,82.0,290.0,290.0,290.0,290.0,153.0,153.0,79.0,79.0,306.0,306.0,306.0,28.0,28.0,28.0,28.0,28.0,28.0,28.0,145.0,145.0,145.0,74.0,74.0,74.0,281.0,281.0,281.0,281.0,281.0,272.0,272.0,272.0,278.0,278.0,309.0,94.0,37.0,37.0,149.0,352.0,38.0,346.0,346.0,127.0,23.0,349.0,90.0,90.0,40.0,40.0,40.0,133.0,287.0,276.0,276.0,230.0,230.0,271.0,323.0,329.0,253.0,166.0,113.0,113.0,302.0,302.0,302.0,302.0,317.0,317.0,317.0,265.0,265.0,265.0,54.0,54.0,54.0,253.0,93.0,93.0,93.0,198.0,256.0,256.0,290.0,37.0,37.0,320.0,320.0,320.0,315.0,290.0,250.0,250.0,203.0,222.0,176.66666666666666,176.66666666666666,176.66666666666666,200.0,34.0,34.0,62.0,290.6666666666667,290.6666666666667,290.6666666666667,207.0,207.0,207.0,207.0,158.0,158.0,158.0,158.0,158.0,136.0,136.0,136.0,232.0,236.0,236.0,249.0,218.0,218.0,218.0,213.0,298.0,48.0,298.0,230.0,230.0,48.0,235.0,150.0,329.0,329.0,329.0,103.0,103.0,13.0,13.0,6.0,6.0,48.0,242.0,79.0,79.0,79.0,48.0,90.0,90.0,90.0,40.0,3.0,3.0,3.0,51.0,51.0,51.0,8.0,8.0,338.0,338.0,338.0,338.0,204.0,204.0,315.0,315.0,122.0,122.0,17.0,89.0,139.0,218.0,179.0,239.0,295.0,271.0,271.0,197.0,128.0,36.0,164.0,272.0,272.0,236.0,264.0,292.0,189.0,189.0,170.0,127.0,290.0,177.0,265.0,290.0,296.0,14.0,271.0,145.0,3.0,296.0,79.0,5.0,343.0,298.0,299.0,303.0,303.0,296.0,23.0,14.0,23.0,153.0,23.0,318.0,354.0,57.0,51.0,56.0,56.0,56.0,332.0,62.0,14.0
2018,1,10,15,WIN_D_INST,253.66666666666663,93.0,92.0,253.66666666666663,93.0,329.0,329.0,329.0,331.0,331.0,331.0,331.0,291.0,291.0,291.0,291.0,54.0,54.0,89.0,89.0,54.0,314.0,314.0,351.0,351.0,3.0,3.0,3.0,61.0,61.0,198.0,102.0,102.0,51.0,71.0,71.0,71.0,71.0,71.0,31.0,31.0,31.0,31.0,31.0,31.0,357.0,357.0,229.0,229.0,294.0,181.3333333333333,319.0,300.0,267.6666666666667,357.0,357.0,357.0,357.0,357.0,357.0,357.0,357.0,312.0,317.0,312.0,317.0,317.0,303.0,303.0,303.0,305.0,305.0,3.0,3.0,3.0,312.0,49.0,329.0,329.0,329.0,303.0,301.0,330.0,34.0,34.0,330.0,330.0,310.0,17.0,42.0,14.0,14.0,278.0,357.0,1.0,108.0,108.0,108.0,108.0,190.3333333333333,351.0,351.0,0.0,0.0,352.0,352.0,352.0,343.0,343.0,343.0,346.0,346.0,31.0,11.0,11.0,49.0,60.0,155.0,224.0,195.0,137.0,344.0,79.0,286.0,98.0,98.0,3.0,3.0,3.0,3.0,3.0,3.0,173.0,173.0,59.0,59.0,298.0,298.0,298.0,88.0,88.0,88.0,88.0,88.0,88.0,88.0,51.0,51.0,51.0,71.0,71.0,71.0,221.0,221.0,221.0,221.0,221.0,281.0,281.0,281.0,273.0,273.0,281.0,335.0,37.0,37.0,121.66666666666669,8.0,35.0,329.0,329.0,141.0,343.0,326.0,338.0,338.0,75.33333333333333,75.33333333333333,75.33333333333333,272.0,278.0,270.0,270.0,260.0,260.0,266.0,343.0,53.0,272.0,183.0,116.0,116.0,320.0,320.0,320.0,320.0,196.0,196.0,196.0,173.0,173.0,173.0,31.0,31.0,31.0,326.0,143.0,143.0,143.0,354.0,203.0,203.0,340.0,96.0,96.0,229.0,229.0,229.0,290.0,273.0,183.0,183.0,183.0,200.0,155.0,155.0,155.0,138.0,28.0,28.0,28.0,251.0,251.0,251.0,153.0,153.0,153.0,153.0,229.66666666666663,229.66666666666663,229.66666666666663,229.66666666666663,229.66666666666663,128.0,128.0,128.0,334.0,349.0,349.0,278.0,221.0,221.0,221.0,65.0,96.0,65.0,96.0,196.0,196.0,40.0,227.0,232.0,41.0,41.0,41.0,291.0,291.0,321.0,321.0,105.0,105.0,11.0,323.0,88.0,88.0,88.0,93.33333333333331,270.0,270.0,270.0,272.0,315.0,315.0,315.0,74.0,74.0,74.0,349.0,349.0,172.0,172.0,172.0,172.0,108.0,108.0,284.0,284.0,354.0,354.0,44.0,298.0,128.0,209.0,175.0,130.0,214.66666666666663,266.0,266.0,101.0,108.0,337.0,205.0,275.0,275.0,205.0,275.0,278.0,145.0,145.0,145.0,141.0,3.0,93.0,173.0,290.0,305.0,357.0,266.0,51.0,315.0,289.0,340.0,351.0,351.0,96.0,287.0,319.0,319.0,300.0,14.0,17.0,14.0,173.0,343.0,355.0,48.0,117.0,60.0,58.0,58.0,58.0,331.0,42.0,357.0
2018,1,10,18,WIN_D_INST,234.0,101.0,94.0,234.0,101.0,159.0,159.0,159.0,347.0,347.0,347.0,347.0,327.0,327.0,327.0,327.0,55.0,55.0,328.0,328.0,55.0,276.0,276.0,346.0,346.0,7.0,7.0,7.0,74.0,74.0,62.0,105.0,105.0,136.0,244.0,244.0,244.0,244.0,244.0,37.0,37.0,37.0,37.0,37.0,37.0,340.0,340.0,245.0,245.0,279.0,183.0,213.0,270.0,28.0,0.0,0.0,0.0,0.0,0.0,0.0,0.0,0.0,356.0,325.0,356.0,325.0,325.0,353.0,353.0,353.0,314.0,317.0,223.3333333333333,223.3333333333333,223.3333333333333,356.0,83.0,296.0,296.0,296.0,277.0,288.0,349.0,350.0,350.0,349.0,349.0,83.0,54.0,48.0,51.0,51.0,264.0,152.0,31.0,29.0,29.0,29.0,29.0,260.0,128.0,128.0,351.0,351.0,353.0,353.0,353.0,8.0,8.0,8.0,340.0,340.0,352.0,24.0,24.0,49.0,99.0,73.0,116.0,51.0,198.0,353.0,295.0,281.0,93.0,70.0,264.0,264.0,242.0,242.0,242.0,242.0,292.0,292.0,50.0,50.0,343.0,343.0,343.0,337.0,337.0,337.0,337.0,337.0,337.0,337.0,136.0,136.0,136.0,244.0,244.0,244.0,215.0,215.0,215.0,215.0,215.0,232.0,232.0,232.0,248.0,248.0,349.0,332.0,258.0,258.0,108.0,0.0,49.0,343.0,343.0,87.0,315.0,284.0,255.0,255.0,357.0,357.0,357.0,345.0,20.0,98.0,98.0,278.0,278.0,283.0,211.0,340.0,299.0,357.0,261.0,261.0,191.0,191.0,191.0,191.0,303.0,303.0,303.0,126.0,126.0,126.0,309.0,309.0,309.0,8.0,135.0,135.0,135.0,320.0,273.0,273.0,317.0,57.0,57.0,220.0,220.0,220.0,256.0,270.0,166.0,166.0,135.0,188.0,242.0,242.0,242.0,138.66666666666666,92.66666666666669,92.66666666666669,23.0,262.0,262.0,262.0,210.0,210.0,210.0,210.0,195.0,195.0,195.0,195.0,195.0,227.0,227.0,227.0,249.0,326.0,326.0,62.0,213.0,213.0,213.0,283.0,60.0,48.0,60.0,309.0,309.0,59.0,258.0,243.0,147.0,147.0,147.0,90.0,90.0,0.0,0.0,68.0,68.0,23.0,28.0,212.3333333333333,212.3333333333333,212.3333333333333,0.0,298.0,298.0,298.0,275.0,303.0,303.0,303.0,28.0,28.0,28.0,217.0,217.0,301.0,301.0,301.0,301.0,150.0,150.0,85.0,85.0,201.0,201.0,106.0,109.0,77.0,217.0,148.0,144.0,293.0,283.0,283.0,58.0,98.0,5.0,203.0,275.0,275.0,180.0,214.66666666666663,247.0,223.0,223.0,230.0,87.0,242.0,101.0,126.0,312.0,317.0,152.0,283.0,136.0,303.0,179.0,312.0,346.0,128.0,60.0,272.0,213.0,213.0,270.0,51.0,54.0,51.0,292.0,315.0,20.0,349.0,10.0,99.0,63.0,63.0,63.0,302.0,48.0,152.0
2018,1,10,21,WIN_D_INST,114.0,167.0,271.0,114.0,167.0,317.0,317.0,317.0,134.66666666666666,134.66666666666666,134.66666666666666,134.66666666666666,341.0,341.0,341.0,341.0,93.0,93.0,71.0,71.0,93.0,304.0,304.0,9.0,9.0,26.0,26.0,26.0,79.0,79.0,343.0,196.0,196.0,136.0,0.0,0.0,0.0,0.0,0.0,23.0,23.0,23.0,23.0,23.0,23.0,20.0,20.0,173.0,173.0,270.0,46.0,215.0,255.0,327.0,317.0,317.0,317.0,317.0,317.0,317.0,317.0,317.0,346.0,317.0,346.0,317.0,317.0,346.0,346.0,346.0,166.0,258.0,354.0,354.0,354.0,346.0,346.0,315.0,315.0,315.0,302.0,287.0,313.0,22.0,22.0,313.0,313.0,64.0,340.0,56.0,214.0,214.0,332.0,335.0,173.33333333333334,139.0,139.0,139.0,139.0,310.0,26.0,26.0,351.0,351.0,345.0,345.0,345.0,11.0,11.0,11.0,0.0,0.0,346.0,37.0,37.0,40.0,54.0,70.0,3.0,17.0,98.0,5.0,298.0,309.0,42.0,49.0,312.0,312.0,208.0,208.0,208.0,208.0,230.0,230.0,324.0,324.0,351.0,351.0,351.0,329.0,329.0,329.0,329.0,329.0,329.0,329.0,136.0,136.0,136.0,0.0,0.0,0.0,170.0,170.0,170.0,170.0,170.0,244.0,244.0,244.0,259.0,259.0,6.0,295.0,224.0,224.0,83.66666666666667,0.0,46.0,216.66666666666663,216.66666666666663,135.0,323.0,269.0,104.0,104.0,275.0,275.0,275.0,345.0,315.0,70.0,70.0,251.0,251.0,288.0,357.0,236.0,321.3333333333333,152.0,91.0,91.0,185.0,185.0,185.0,185.0,326.0,326.0,326.0,104.0,104.0,104.0,329.0,329.0,329.0,248.0,93.0,93.0,93.0,320.0,183.0,183.0,326.0,62.0,62.0,201.0,201.0,201.0,259.0,267.0,166.0,166.0,177.0,250.0,242.0,242.0,242.0,90.0,148.0,148.0,343.0,254.0,254.0,254.0,221.0,221.0,221.0,221.0,229.0,229.0,229.0,229.0,229.0,275.0,275.0,275.0,11.0,20.0,20.0,85.0,230.0,230.0,230.0,247.0,68.0,37.0,68.0,221.0,221.0,60.0,190.0,251.0,347.0,347.0,347.0,65.0,65.0,0.0,0.0,88.0,88.0,6.0,264.0,349.0,349.0,349.0,176.0,301.0,301.0,301.0,43.0,275.0,275.0,275.0,227.0,227.0,227.0,256.0,256.0,326.0,326.0,326.0,326.0,63.0,63.0,92.0,92.0,111.0,111.0,235.0,313.0,64.33333333333333,204.3333333333333,169.0,155.0,62.0,288.0,288.0,43.0,116.0,0.0,202.0,249.0,249.0,205.0,272.0,156.0,134.0,134.0,170.0,135.0,208.0,167.0,104.0,270.0,258.0,335.0,288.0,136.0,275.0,198.0,346.0,9.0,26.0,68.0,267.0,215.0,215.0,255.0,214.0,340.0,214.0,230.0,323.0,23.0,0.0,3.0,54.0,41.0,41.0,41.0,315.0,56.0,335.0
2018,1,11,0,WIN_D_INST,194.0,156.0,156.0,194.0,156.0,43.0,43.0,43.0,9.0,9.0,9.0,9.0,291.0,291.0,291.0,291.0,285.0,285.0,266.0,266.0,285.0,339.0,339.0,15.0,15.0,24.0,24.0,24.0,76.0,76.0,332.0,130.0,130.0,125.0,264.0,264.0,264.0,264.0,264.0,28.0,28.0,28.0,28.0,28.0,28.0,354.0,354.0,75.0,75.0,233.0,50.0,244.0,184.0,29.0,317.0,317.0,317.0,317.0,317.0,317.0,317.0,317.0,342.0,287.0,342.0,287.0,287.0,326.0,326.0,326.0,244.0,245.0,38.0,38.0,38.0,342.0,52.0,323.0,323.0,323.0,307.0,288.0,319.0,357.0,357.0,319.0,319.0,42.0,51.0,56.0,309.0,309.0,261.0,209.0,135.0,145.0,145.0,145.0,145.0,309.0,244.0,244.0,349.0,349.0,358.0,358.0,358.0,11.0,11.0,11.0,0.0,0.0,329.0,312.0,312.0,26.0,125.0,25.0,31.0,26.0,31.0,353.0,295.0,309.0,70.0,38.0,321.0,321.0,141.0,141.0,141.0,141.0,292.0,292.0,344.0,344.0,312.0,312.0,312.0,349.0,349.0,349.0,349.0,349.0,349.0,349.0,125.0,125.0,125.0,264.0,264.0,264.0,230.0,230.0,230.0,230.0,230.0,224.0,224.0,224.0,0.0,0.0,76.0,310.0,186.3333333333333,186.3333333333333,154.33333333333334,11.0,65.0,20.0,20.0,146.33333333333334,264.0,106.0,338.0,338.0,23.0,23.0,23.0,77.0,301.0,45.0,45.0,165.0,165.0,285.0,290.0,110.0,343.0,174.0,258.0,258.0,358.0,358.0,358.0,358.0,334.0,334.0,334.0,107.0,107.0,107.0,215.0,215.0,215.0,225.0,142.33333333333334,142.33333333333334,142.33333333333334,278.0,135.0,135.0,323.0,207.0,207.0,233.0,233.0,233.0,242.0,225.0,203.0,203.0,169.0,259.0,152.0,152.0,152.0,166.0,126.0,126.0,28.0,252.0,252.0,252.0,130.0,130.0,130.0,130.0,179.33333333333334,179.33333333333334,179.33333333333334,179.33333333333334,179.33333333333334,173.0,173.0,173.0,23.0,343.0,343.0,77.0,34.0,34.0,34.0,111.0,108.0,11.0,108.0,235.0,235.0,351.0,102.0,181.0,179.0,179.0,179.0,286.0,286.0,153.0,153.0,48.0,48.0,31.0,264.0,193.0,193.0,193.0,37.0,48.0,48.0,48.0,65.0,346.0,346.0,346.0,85.0,85.0,85.0,253.0,253.0,115.0,115.0,115.0,115.0,187.0,187.0,159.0,159.0,31.0,31.0,82.0,146.0,48.0,216.0,178.0,127.0,295.0,285.0,285.0,31.0,100.0,295.0,168.0,250.3333333333333,250.3333333333333,180.0,258.0,142.0,92.0,92.0,235.0,146.33333333333334,141.0,156.0,107.0,267.0,245.0,209.0,285.0,125.0,346.0,226.0,335.0,15.0,244.0,108.0,335.0,244.0,244.0,184.0,309.0,51.0,309.0,292.0,264.0,7.0,349.0,338.0,125.0,38.0,38.0,38.0,40.0,56.0,209.0
2018,1,11,3,WIN_D_INST,173.0,161.0,193.0,173.0,161.0,357.0,357.0,357.0,12.0,12.0,12.0,12.0,115.0,115.0,115.0,115.0,298.0,298.0,219.0,219.0,298.0,333.0,333.0,339.0,339.0,2.0,2.0,2.0,343.0,343.0,326.0,94.0,94.0,145.0,247.0,247.0,247.0,247.0,247.0,14.0,14.0,14.0,14.0,14.0,14.0,357.0,357.0,231.0,231.0,272.0,47.0,294.0,225.0,344.0,94.0,94.0,94.0,94.0,94.0,94.0,94.0,94.0,344.0,67.0,344.0,67.0,67.0,104.0,104.0,104.0,137.0,268.0,39.0,39.0,39.0,344.0,60.0,322.0,322.0,322.0,313.0,297.0,62.0,54.0,54.0,62.0,62.0,76.0,111.0,62.0,113.0,113.0,60.0,253.0,338.0,179.0,179.0,179.0,179.0,65.0,207.0,207.0,176.0,176.0,349.0,349.0,349.0,20.0,20.0,20.0,0.0,0.0,329.0,304.0,304.0,335.0,252.0,23.0,323.0,24.0,2.0,3.0,354.0,321.0,76.0,53.0,298.0,298.0,104.0,104.0,104.0,104.0,94.0,94.0,99.0,99.0,346.0,346.0,346.0,337.0,337.0,337.0,337.0,337.0,337.0,337.0,145.0,145.0,145.0,247.0,247.0,247.0,227.0,227.0,227.0,227.0,227.0,249.0,249.0,249.0,45.0,45.0,56.0,317.0,332.0,332.0,151.33333333333334,14.0,39.0,108.0,108.0,177.0,143.0,37.0,98.0,98.0,34.0,34.0,34.0,326.0,338.0,0.0,0.0,276.0,276.0,248.0,281.0,222.0,183.0,76.0,0.0,0.0,188.0,188.0,188.0,188.0,6.0,6.0,6.0,232.0,232.0,232.0,91.0,91.0,91.0,217.0,191.0,191.0,191.0,332.0,208.0,208.0,332.0,269.0,269.0,333.0,333.0,333.0,233.0,343.0,14.0,14.0,338.0,340.0,174.0,174.0,174.0,354.0,82.0,82.0,135.0,290.0,290.0,290.0,62.0,62.0,62.0,62.0,182.0,182.0,182.0,182.0,182.0,252.0,252.0,252.0,62.0,34.0,34.0,65.0,0.0,0.0,0.0,119.0,125.0,128.0,125.0,320.0,320.0,99.0,235.0,318.0,308.0,308.0,308.0,198.0,198.0,149.0,149.0,354.0,354.0,3.0,39.0,105.0,105.0,105.0,17.0,267.0,267.0,267.0,88.0,54.0,54.0,54.0,108.0,108.0,108.0,62.0,62.0,87.0,87.0,87.0,87.0,87.0,87.0,205.0,205.0,105.0,105.0,350.0,306.0,26.0,33.0,82.0,124.0,335.0,248.0,248.0,197.0,144.0,222.0,94.0,215.0,215.0,276.0,241.0,94.0,116.0,116.0,210.0,177.0,104.0,161.0,232.0,293.0,268.0,253.0,248.0,145.0,54.0,117.0,335.0,339.0,207.0,125.0,324.0,294.0,294.0,225.0,113.0,111.0,113.0,94.0,143.0,4.0,343.0,336.0,252.0,7.0,7.0,7.0,30.0,62.0,253.0
2018,1,11,6,WIN_D_INST,166.0,215.0,172.0,166.0,215.0,9.0,9.0,9.0,276.0,276.0,276.0,276.0,118.0,118.0,118.0,118.0,209.0,209.0,252.0,252.0,209.0,309.0,309.0,17.0,17.0,344.0,344.0,344.0,62.0,62.0,142.0,230.0,230.0,346.0,340.0,340.0,340.0,340.0,340.0,0.0,0.0,0.0,0.0,0.0,0.0,357.0,357.0,286.0,286.0,279.0,10.0,306.0,279.0,309.0,40.0,40.0,40.0,40.0,40.0,40.0,40.0,40.0,347.0,39.0,347.0,39.0,39.0,118.0,118.0,118.0,274.0,220.0,111.0,111.0,111.0,347.0,35.0,325.0,325.0,325.0,331.0,311.0,37.0,35.0,35.0,37.0,37.0,75.0,102.0,101.0,115.0,115.0,147.0,228.0,296.0,309.0,309.0,309.0,309.0,252.0,3.0,3.0,272.0,272.0,274.0,274.0,274.0,28.0,28.0,28.0,40.0,40.0,354.0,313.0,313.0,342.0,292.0,315.0,329.0,7.0,320.0,353.0,284.0,332.0,20.0,24.0,233.0,233.0,273.0,273.0,273.0,273.0,227.0,227.0,66.0,66.0,11.0,11.0,11.0,349.0,349.0,349.0,349.0,349.0,349.0,349.0,346.0,346.0,346.0,340.0,340.0,340.0,235.0,235.0,235.0,235.0,235.0,283.0,283.0,283.0,65.0,65.0,98.0,155.0,77.0,77.0,183.66666666666663,338.0,36.0,167.0,167.0,301.0,155.0,73.0,135.0,135.0,159.0,159.0,159.0,286.0,87.0,354.0,354.0,107.0,107.0,302.0,248.0,245.0,205.0,290.0,23.0,23.0,179.0,179.0,179.0,179.0,218.0,218.0,218.0,232.0,232.0,232.0,244.0,244.0,244.0,231.0,321.0,321.0,321.0,261.0,253.0,253.0,295.0,286.0,286.0,30.0,30.0,30.0,248.0,34.0,17.0,17.0,0.0,8.0,332.0,332.0,332.0,39.0,101.0,101.0,3.0,67.0,67.0,67.0,91.0,91.0,91.0,91.0,6.0,6.0,6.0,6.0,6.0,272.0,272.0,272.0,162.0,121.0,121.0,85.0,20.0,20.0,20.0,111.0,323.0,357.0,323.0,20.0,20.0,164.0,252.0,21.0,63.0,63.0,63.0,74.0,74.0,105.0,105.0,68.0,68.0,346.0,51.0,252.0,252.0,252.0,343.0,248.0,248.0,248.0,125.0,91.0,91.0,91.0,255.0,255.0,255.0,87.0,87.0,177.0,177.0,177.0,177.0,76.0,76.0,180.0,180.0,62.0,62.0,246.0,287.0,292.0,45.0,144.0,165.0,87.0,302.0,302.0,36.0,217.0,68.0,10.0,278.0,278.0,301.0,48.0,334.0,315.0,315.0,340.0,301.0,273.0,215.0,232.0,287.0,220.0,228.0,302.0,346.0,91.0,300.0,146.0,17.0,3.0,323.0,346.0,306.0,306.0,279.0,115.0,102.0,115.0,227.0,155.0,347.0,323.0,330.0,292.0,14.0,14.0,14.0,7.0,101.0,228.0
2018,1,11,9,WIN_D_INST,174.0,182.0,156.0,174.0,182.0,289.0,289.0,289.0,279.0,279.0,279.0,279.0,127.0,127.0,127.0,127.0,219.0,219.0,213.0,213.0,219.0,291.0,291.0,255.0,255.0,274.0,274.0,274.0,134.0,134.0,88.0,289.0,289.0,130.0,77.0,77.0,77.0,77.0,77.0,23.0,23.0,23.0,23.0,23.0,23.0,337.0,337.0,4.0,4.0,316.0,336.0,298.0,337.0,325.0,0.0,0.0,0.0,0.0,0.0,0.0,0.0,0.0,313.0,350.0,313.0,350.0,350.0,168.0,168.0,168.0,314.0,348.0,97.0,97.0,97.0,313.0,74.0,335.0,335.0,335.0,332.0,323.0,312.0,65.0,65.0,312.0,312.0,59.0,85.0,73.0,14.0,14.0,142.0,172.0,359.0,31.0,31.0,31.0,31.0,296.0,323.0,323.0,227.0,227.0,279.0,279.0,279.0,53.0,53.0,53.0,14.0,14.0,73.0,342.0,342.0,333.0,283.0,349.0,351.0,8.0,333.0,332.0,352.0,326.0,3.0,41.0,259.0,259.0,25.0,25.0,25.0,25.0,258.0,258.0,95.0,95.0,346.0,346.0,346.0,99.0,99.0,99.0,99.0,99.0,99.0,99.0,130.0,130.0,130.0,77.0,77.0,77.0,198.0,198.0,198.0,198.0,198.0,278.0,278.0,278.0,48.0,48.0,121.0,124.0,43.0,43.0,168.0,338.0,44.0,201.0,201.0,200.0,129.0,236.0,20.0,20.0,292.0,292.0,292.0,140.0,309.0,332.0,332.0,115.0,115.0,141.0,200.0,118.0,235.0,20.0,34.0,34.0,201.0,201.0,201.0,201.0,264.0,264.0,264.0,218.0,218.0,218.0,320.0,320.0,320.0,250.0,329.0,329.0,329.0,207.0,287.0,287.0,329.0,201.0,201.0,338.0,338.0,338.0,233.0,349.0,14.0,14.0,304.0,20.0,335.0,335.0,335.0,113.0,95.0,95.0,6.0,345.0,345.0,345.0,79.0,79.0,79.0,79.0,28.0,28.0,28.0,28.0,28.0,244.0,244.0,244.0,139.0,149.0,149.0,62.0,62.0,62.0,62.0,317.0,357.0,94.0,357.0,48.0,48.0,340.0,292.0,50.0,319.0,319.0,319.0,81.0,81.0,132.0,132.0,238.0,238.0,11.0,87.0,247.0,247.0,247.0,62.0,113.0,113.0,113.0,152.0,133.0,133.0,133.0,187.0,187.0,187.0,107.0,107.0,172.0,172.0,172.0,172.0,117.0,117.0,112.0,112.0,111.0,111.0,90.0,30.0,209.3333333333333,136.0,99.0,321.0,239.0,141.0,141.0,150.0,117.0,132.0,315.0,28.0,28.0,298.0,51.0,210.0,326.0,326.0,68.0,200.0,25.0,182.0,218.0,217.0,348.0,172.0,141.0,130.0,133.0,318.0,68.0,255.0,323.0,357.0,357.0,298.0,298.0,337.0,14.0,85.0,14.0,258.0,129.0,339.0,31.0,315.0,283.0,47.0,47.0,47.0,358.0,73.0,172.0
2018,1,11,12,WIN_D_INST,213.0,203.0,110.0,213.0,203.0,275.0,275.0,275.0,353.0,353.0,353.0,353.0,202.0,202.0,202.0,202.0,210.0,210.0,206.0,206.0,210.0,295.0,295.0,256.0,256.0,221.0,221.0,221.0,126.0,126.0,309.0,116.0,116.0,108.0,159.0,159.0,159.0,159.0,159.0,96.0,96.0,96.0,96.0,96.0,96.0,326.0,326.0,6.0,6.0,3.0,293.0,351.0,344.0,343.0,0.0,0.0,0.0,0.0,0.0,0.0,0.0,0.0,35.0,312.0,35.0,312.0,312.0,232.0,232.0,232.0,52.0,243.0,290.0,290.0,290.0,35.0,86.0,353.0,353.0,353.0,335.0,358.0,13.0,17.0,17.0,13.0,13.0,98.0,23.0,76.0,11.0,11.0,346.0,20.0,26.0,307.0,307.0,307.0,307.0,231.0,0.0,0.0,244.0,244.0,178.0,178.0,178.0,163.0,163.0,163.0,337.0,337.0,124.0,315.0,315.0,10.0,230.0,321.0,354.0,39.0,339.0,341.0,17.0,330.0,11.0,130.0,90.0,90.0,205.0,205.0,205.0,205.0,179.0,179.0,311.0,311.0,264.0,264.0,264.0,159.0,159.0,159.0,159.0,159.0,159.0,159.0,108.0,108.0,108.0,159.0,159.0,159.0,156.0,156.0,156.0,156.0,156.0,227.0,227.0,227.0,25.0,25.0,3.0,170.0,43.0,43.0,244.3333333333333,0.0,45.0,334.0,334.0,158.0,278.0,70.0,290.0,290.0,105.0,105.0,105.0,125.0,323.0,183.0,183.0,160.0,160.0,114.0,329.0,332.0,324.0,259.0,43.0,43.0,134.0,134.0,134.0,134.0,232.0,232.0,232.0,96.0,96.0,96.0,71.0,71.0,71.0,242.0,96.0,96.0,96.0,187.0,222.0,222.0,334.0,162.0,162.0,228.0,228.0,228.0,233.0,343.0,346.0,346.0,343.0,53.0,53.0,53.0,53.0,14.0,32.0,32.0,23.0,51.0,51.0,51.0,128.0,128.0,128.0,128.0,316.0,316.0,316.0,316.0,316.0,230.0,230.0,230.0,162.0,132.0,132.0,88.0,264.0,264.0,264.0,295.0,343.0,71.0,343.0,82.0,82.0,190.0,193.0,313.0,13.0,13.0,13.0,80.0,80.0,350.0,350.0,40.0,40.0,14.0,3.0,275.0,275.0,275.0,0.0,118.0,118.0,118.0,88.0,275.0,275.0,275.0,51.0,51.0,51.0,107.0,107.0,357.0,357.0,357.0,357.0,104.0,104.0,341.0,341.0,31.0,31.0,73.0,297.0,116.0,198.0,152.0,234.0,290.0,114.0,114.0,88.0,105.0,322.0,161.0,124.66666666666669,124.66666666666669,172.0,54.0,164.0,214.0,214.0,142.0,158.0,205.0,203.0,96.0,219.0,243.0,20.0,114.0,108.0,275.0,348.0,79.0,256.0,0.0,343.0,343.0,351.0,351.0,344.0,11.0,23.0,11.0,179.0,278.0,329.0,264.0,354.0,230.0,62.0,62.0,62.0,353.0,76.0,20.0
2018,1,11,15,WIN_D_INST,224.0,158.0,296.0,224.0,158.0,275.0,275.0,275.0,357.0,357.0,357.0,357.0,211.0,211.0,211.0,211.0,222.0,222.0,136.0,136.0,222.0,337.0,337.0,253.0,253.0,265.0,265.0,265.0,187.0,187.0,201.0,113.0,113.0,145.0,82.0,82.0,82.0,82.0,82.0,104.0,104.0,104.0,104.0,104.0,104.0,0.0,0.0,357.0,357.0,355.0,324.0,1.0,339.0,303.0,20.0,20.0,20.0,20.0,20.0,20.0,20.0,20.0,15.0,307.0,15.0,307.0,307.0,94.0,94.0,94.0,313.0,1.0,317.0,317.0,317.0,15.0,211.0,339.0,339.0,339.0,310.0,301.0,346.0,41.0,41.0,346.0,346.0,61.0,34.0,349.0,37.0,37.0,349.0,93.0,22.0,36.0,36.0,36.0,36.0,217.0,179.0,179.0,346.0,346.0,212.0,212.0,212.0,155.0,155.0,155.0,11.0,11.0,233.0,309.0,309.0,266.0,171.66666666666666,3.0,208.66666666666663,25.0,271.0,249.0,132.0,285.0,188.0,265.0,249.3333333333333,249.3333333333333,217.0,217.0,217.0,217.0,150.0,150.0,40.0,40.0,317.0,317.0,317.0,159.0,159.0,159.0,159.0,159.0,159.0,159.0,145.0,145.0,145.0,82.0,82.0,82.0,130.0,130.0,130.0,130.0,130.0,252.0,252.0,252.0,23.0,23.0,315.0,319.0,82.0,82.0,164.33333333333334,20.0,56.0,340.0,340.0,115.0,298.0,290.0,42.0,42.0,11.0,11.0,11.0,271.0,293.0,8.0,8.0,262.0,262.0,68.0,267.0,253.0,38.0,267.0,153.0,153.0,274.3333333333333,274.3333333333333,274.3333333333333,274.3333333333333,300.0,300.0,300.0,112.0,112.0,112.0,48.0,48.0,48.0,121.0,129.0,129.0,129.0,173.0,242.0,242.0,62.0,162.0,162.0,218.0,218.0,218.0,236.0,321.0,312.0,312.0,259.0,76.0,183.0,183.0,183.0,45.0,42.0,42.0,8.0,289.0,289.0,289.0,113.0,113.0,113.0,113.0,327.0,327.0,327.0,327.0,327.0,238.0,238.0,238.0,241.0,158.0,158.0,57.0,204.0,204.0,204.0,0.0,343.0,139.0,343.0,193.0,193.0,91.0,249.0,270.0,89.0,89.0,89.0,86.0,86.0,51.0,51.0,45.0,45.0,354.0,346.0,326.0,326.0,326.0,34.0,127.0,127.0,127.0,340.0,278.0,278.0,278.0,210.0,210.0,210.0,191.3333333333333,191.3333333333333,163.0,163.0,163.0,163.0,108.0,108.0,144.0,144.0,329.0,329.0,307.0,164.0,187.0,218.0,148.0,143.0,295.0,68.0,68.0,34.0,113.0,26.0,185.0,295.0,295.0,163.0,241.0,159.0,218.0,218.0,40.0,115.0,217.0,158.0,112.0,191.0,1.0,93.0,68.0,145.0,278.0,316.0,340.0,253.0,179.0,343.0,23.0,1.0,1.0,339.0,37.0,34.0,37.0,150.0,298.0,278.0,203.0,106.0,171.66666666666666,59.0,59.0,59.0,163.0,349.0,93.0
2018,1,11,18,WIN_D_INST,263.0,186.0,281.0,263.0,186.0,272.0,272.0,272.0,359.0,359.0,359.0,359.0,215.0,215.0,215.0,215.0,236.0,236.0,273.0,273.0,236.0,269.0,269.0,239.0,239.0,221.0,221.0,221.0,214.0,214.0,45.0,99.0,99.0,113.0,79.0,79.0,79.0,79.0,79.0,183.0,183.0,183.0,183.0,183.0,183.0,193.0,193.0,28.0,28.0,331.0,292.0,342.0,40.0,260.0,317.0,317.0,317.0,317.0,317.0,317.0,317.0,317.0,349.0,313.0,349.0,313.0,313.0,311.0,311.0,311.0,38.0,337.0,290.0,290.0,290.0,349.0,77.0,326.0,326.0,326.0,267.0,287.0,329.0,11.0,11.0,329.0,329.0,79.0,14.0,166.0,242.0,242.0,323.0,51.0,25.0,153.0,153.0,153.0,153.0,213.0,201.0,201.0,153.0,153.0,182.0,182.0,182.0,149.0,149.0,149.0,6.0,6.0,255.0,305.0,305.0,246.0,215.0,338.0,300.0,90.33333333333331,227.0,230.0,132.0,285.0,233.0,205.0,132.0,132.0,214.0,214.0,214.0,214.0,298.0,298.0,274.0,274.0,247.0,247.0,247.0,147.0,147.0,147.0,147.0,147.0,147.0,147.0,113.0,113.0,113.0,79.0,79.0,79.0,147.0,147.0,147.0,147.0,147.0,153.0,153.0,153.0,352.0,352.0,295.0,30.0,48.0,48.0,177.0,42.0,43.0,334.0,334.0,143.0,338.0,0.0,338.0,338.0,159.0,159.0,159.0,250.0,335.0,287.0,287.0,251.0,251.0,96.0,135.0,160.0,84.0,329.0,9.0,9.0,338.0,338.0,338.0,338.0,343.0,343.0,343.0,76.0,76.0,76.0,96.0,96.0,96.0,217.0,177.0,177.0,177.0,221.0,301.0,301.0,272.0,176.0,176.0,335.0,335.0,335.0,219.0,205.0,37.0,37.0,174.0,115.0,166.0,166.0,166.0,141.0,79.0,79.0,278.0,270.0,270.0,270.0,139.0,139.0,139.0,139.0,210.0,210.0,210.0,210.0,210.0,299.3333333333333,299.3333333333333,299.3333333333333,224.0,155.0,155.0,82.0,221.0,221.0,221.0,235.0,65.0,201.0,65.0,11.0,11.0,43.0,235.0,228.0,38.0,38.0,38.0,160.0,160.0,0.0,0.0,96.0,96.0,354.0,143.33333333333334,179.0,179.0,179.0,34.0,93.0,93.0,93.0,99.0,272.0,272.0,272.0,71.0,71.0,71.0,157.33333333333334,157.33333333333334,132.0,132.0,132.0,132.0,109.0,109.0,316.0,316.0,244.0,244.0,113.0,291.0,88.0,239.0,143.0,166.0,87.0,96.0,96.0,321.0,92.0,250.0,220.0,54.0,54.0,180.0,292.0,159.0,18.0,18.0,289.0,143.0,214.0,186.0,76.0,200.0,337.0,51.0,96.0,113.0,272.0,338.0,309.0,239.0,201.0,65.0,350.0,342.0,342.0,40.0,242.0,14.0,242.0,298.0,338.0,252.0,166.0,111.0,215.0,56.0,56.0,56.0,203.0,166.0,51.0
2018,1,11,21,WIN_D_INST,227.0,197.0,277.0,227.0,197.0,275.0,275.0,275.0,347.0,347.0,347.0,347.0,220.0,220.0,220.0,220.0,223.0,223.0,264.0,264.0,223.0,0.0,0.0,250.0,250.0,226.0,226.0,226.0,199.0,199.0,108.0,99.0,99.0,136.0,85.0,85.0,85.0,85.0,85.0,158.0,158.0,158.0,158.0,158.0,158.0,122.0,122.0,350.0,350.0,334.0,266.0,292.0,12.0,295.0,0.0,0.0,0.0,0.0,0.0,0.0,0.0,0.0,344.0,339.0,344.0,339.0,339.0,348.0,348.0,348.0,280.0,359.0,326.0,326.0,326.0,344.0,45.0,299.0,299.0,299.0,246.0,276.0,337.0,16.0,16.0,337.0,337.0,70.0,346.0,70.0,197.0,197.0,309.0,48.0,320.0,245.0,245.0,245.0,245.0,209.0,266.0,266.0,122.0,122.0,219.0,219.0,219.0,146.0,146.0,146.0,17.0,17.0,256.0,286.0,286.0,251.66666666666663,266.0,143.0,317.0,188.0,155.0,210.0,121.0,229.0,205.0,12.0,318.0,318.0,233.0,233.0,233.0,233.0,258.0,258.0,128.0,128.0,221.0,221.0,221.0,142.0,142.0,142.0,142.0,142.0,142.0,142.0,136.0,136.0,136.0,85.0,85.0,85.0,159.0,159.0,159.0,159.0,159.0,159.0,159.0,159.0,340.0,340.0,216.66666666666663,344.0,20.0,20.0,131.66666666666666,45.0,47.0,340.0,340.0,163.0,129.0,346.0,338.0,338.0,31.0,31.0,31.0,126.0,329.0,8.0,8.0,166.0,166.0,112.0,39.0,270.0,72.0,172.0,111.0,111.0,356.0,356.0,356.0,356.0,349.0,349.0,349.0,70.0,70.0,70.0,77.0,77.0,77.0,124.0,177.0,177.0,177.0,221.0,107.0,107.0,261.0,181.0,181.0,284.0,284.0,284.0,228.0,267.0,51.0,51.0,127.0,59.0,307.0,307.0,307.0,191.0,36.0,36.0,51.0,256.0,256.0,256.0,116.0,116.0,116.0,116.0,331.0,331.0,331.0,331.0,331.0,306.0,306.0,306.0,241.0,191.0,191.0,65.0,213.0,213.0,213.0,196.0,62.0,11.0,62.0,142.0,142.0,17.0,167.0,263.0,116.0,116.0,116.0,286.0,286.0,149.0,149.0,82.0,82.0,357.0,53.0,346.0,346.0,346.0,20.0,87.0,87.0,87.0,111.0,3.0,3.0,3.0,198.0,198.0,198.0,8.0,8.0,158.0,158.0,158.0,158.0,96.0,96.0,279.0,279.0,37.0,37.0,60.0,359.0,77.0,175.0,166.0,155.0,93.0,112.0,112.0,35.0,145.0,217.3333333333333,195.0,193.66666666666663,193.66666666666663,121.0,278.0,99.0,99.0,99.0,190.0,163.0,233.0,197.0,70.0,169.0,359.0,48.0,112.0,136.0,3.0,340.0,309.0,250.0,266.0,62.0,278.0,292.0,292.0,12.0,197.0,346.0,197.0,258.0,129.0,208.0,138.0,119.0,266.0,60.0,60.0,60.0,211.0,70.0,48.0
2018,1,12,0,WIN_D_INST,126.0,181.0,176.0,126.0,181.0,286.0,286.0,286.0,333.0,333.0,333.0,333.0,189.0,189.0,189.0,189.0,234.0,234.0,244.0,244.0,234.0,11.0,11.0,251.0,251.0,223.0,223.0,223.0,213.0,213.0,261.0,119.0,119.0,125.0,74.0,74.0,74.0,74.0,74.0,208.0,208.0,208.0,208.0,208.0,208.0,99.0,99.0,5.0,5.0,287.0,174.66666666666666,353.0,233.0,334.0,3.0,3.0,3.0,3.0,3.0,3.0,3.0,3.0,56.0,354.0,56.0,354.0,354.0,11.0,11.0,11.0,58.0,311.0,355.0,355.0,355.0,56.0,340.0,295.0,295.0,295.0,229.0,244.0,348.0,37.0,37.0,348.0,348.0,86.0,3.0,48.0,107.0,107.0,329.0,45.0,170.33333333333334,112.0,112.0,112.0,112.0,232.0,43.0,43.0,79.0,79.0,197.0,197.0,197.0,163.0,163.0,163.0,68.0,68.0,276.0,262.0,262.0,316.0,173.0,110.0,283.0,145.0,129.0,228.0,124.0,216.0,160.0,146.0,259.0,259.0,236.0,236.0,236.0,236.0,20.0,20.0,351.0,351.0,224.0,224.0,224.0,156.0,156.0,156.0,156.0,156.0,156.0,156.0,125.0,125.0,125.0,74.0,74.0,74.0,162.0,162.0,162.0,162.0,162.0,312.0,312.0,312.0,278.0,278.0,65.0,339.0,43.0,43.0,156.66666666666666,48.0,32.0,300.0,300.0,132.0,259.0,3.0,8.0,8.0,74.66666666666667,74.66666666666667,74.66666666666667,166.33333333333334,332.0,141.33333333333334,141.33333333333334,238.0,238.0,118.0,53.0,233.0,65.0,250.3333333333333,153.0,153.0,27.0,27.0,27.0,27.0,326.0,326.0,326.0,61.0,61.0,61.0,45.0,45.0,45.0,101.0,129.0,129.0,129.0,198.0,84.0,84.0,306.0,173.0,173.0,210.0,210.0,210.0,211.0,270.0,127.0,127.0,326.0,93.0,343.0,343.0,343.0,90.0,56.0,56.0,8.0,265.0,265.0,265.0,77.0,77.0,77.0,77.0,244.0,244.0,244.0,244.0,244.0,354.0,354.0,354.0,244.0,186.0,186.0,204.0,207.0,207.0,207.0,133.0,88.0,136.0,88.0,247.0,247.0,334.0,227.0,262.0,9.0,9.0,9.0,178.0,178.0,0.0,0.0,20.0,20.0,28.0,31.0,82.0,82.0,82.0,20.0,65.0,65.0,65.0,163.66666666666666,272.0,272.0,272.0,60.0,60.0,60.0,219.0,219.0,135.0,135.0,135.0,135.0,133.0,133.0,273.0,273.0,71.0,71.0,308.0,36.0,119.0,217.0,153.0,129.0,37.0,118.0,118.0,40.0,129.0,217.3333333333333,208.0,334.0,334.0,158.0,346.0,181.0,47.0,47.0,196.66666666666663,132.0,236.0,181.0,61.0,138.0,311.0,45.0,118.0,125.0,272.0,12.0,318.0,251.0,43.0,88.0,352.0,353.0,353.0,233.0,107.0,3.0,107.0,20.0,259.0,209.0,162.33333333333334,108.0,173.0,144.0,144.0,144.0,213.0,48.0,45.0
2018,1,12,3,WIN_D_INST,136.0,186.0,228.0,136.0,186.0,227.0,227.0,227.0,290.0,290.0,290.0,290.0,195.0,195.0,195.0,195.0,233.0,233.0,194.0,194.0,233.0,71.0,71.0,226.0,226.0,235.0,235.0,235.0,210.0,210.0,198.0,54.0,54.0,204.0,77.0,77.0,77.0,77.0,77.0,231.0,231.0,231.0,231.0,231.0,231.0,119.0,119.0,289.0,289.0,291.0,166.0,298.0,273.0,265.0,43.0,43.0,43.0,43.0,43.0,43.0,43.0,43.0,313.0,9.0,313.0,9.0,9.0,158.0,158.0,158.0,269.0,318.0,336.0,336.0,336.0,313.0,68.0,294.0,294.0,294.0,280.0,244.0,84.0,16.0,16.0,84.0,84.0,77.0,48.0,25.0,84.0,84.0,54.0,338.0,201.0,79.0,79.0,79.0,79.0,11.0,332.0,332.0,113.0,113.0,234.0,234.0,234.0,208.0,208.0,208.0,57.0,57.0,177.0,244.0,244.0,222.0,241.0,242.0,309.0,199.0,196.0,209.0,228.0,230.0,231.0,212.0,231.0,231.0,264.0,264.0,264.0,264.0,79.0,79.0,245.0,245.0,295.0,295.0,295.0,179.0,179.0,179.0,179.0,179.0,179.0,179.0,204.0,204.0,204.0,77.0,77.0,77.0,156.0,156.0,156.0,156.0,156.0,227.0,227.0,227.0,211.0,211.0,160.0,128.0,346.0,346.0,167.66666666666666,42.0,48.0,162.0,162.0,160.0,200.0,62.0,68.0,68.0,11.0,11.0,11.0,145.0,352.0,349.0,349.0,295.0,295.0,91.0,141.0,200.0,227.0,76.0,105.0,105.0,174.0,174.0,174.0,174.0,218.0,218.0,218.0,230.0,230.0,230.0,88.0,88.0,88.0,211.0,225.0,225.0,225.0,232.0,84.0,84.0,227.0,176.0,176.0,146.0,146.0,146.0,219.0,129.0,169.0,169.0,357.0,93.0,129.0,129.0,129.0,98.0,88.0,88.0,8.0,69.0,69.0,69.0,79.0,79.0,79.0,79.0,340.0,340.0,340.0,340.0,340.0,28.0,28.0,28.0,153.0,219.0,219.0,221.0,145.0,145.0,145.0,156.0,128.0,136.0,128.0,102.0,102.0,207.66666666666663,122.0,220.0,18.0,18.0,18.0,103.0,103.0,128.0,128.0,357.0,357.0,0.0,62.0,323.0,323.0,323.0,48.0,127.0,127.0,127.0,346.0,105.0,105.0,105.0,68.0,68.0,68.0,25.0,25.0,174.0,174.0,174.0,174.0,112.0,112.0,227.0,227.0,79.0,79.0,255.0,359.0,266.0,63.0,234.0,289.0,73.0,91.0,91.0,30.0,313.0,233.0,39.0,34.0,34.0,214.0,68.0,77.0,260.0,260.0,261.0,160.0,264.0,186.0,230.0,166.0,318.0,338.0,91.0,204.0,105.0,158.0,309.0,226.0,332.0,128.0,348.0,298.0,298.0,273.0,84.0,48.0,84.0,79.0,200.0,253.0,53.0,7.0,241.0,140.0,140.0,140.0,214.0,25.0,338.0
2018,1,12,6,WIN_D_INST,163.0,163.0,218.0,163.0,163.0,272.0,272.0,272.0,282.0,282.0,282.0,282.0,199.0,199.0,199.0,199.0,221.0,221.0,229.0,229.0,221.0,167.0,167.0,247.0,247.0,233.0,233.0,233.0,218.0,218.0,162.0,289.0,289.0,215.0,238.0,238.0,238.0,238.0,238.0,250.0,250.0,250.0,250.0,250.0,250.0,156.0,156.0,317.0,317.0,249.0,155.0,293.0,83.0,254.0,159.0,159.0,159.0,159.0,159.0,159.0,159.0,159.0,295.0,49.0,295.0,49.0,49.0,148.0,148.0,148.0,168.0,300.0,87.0,87.0,87.0,295.0,61.0,256.0,256.0,256.0,258.0,256.0,320.0,15.0,15.0,320.0,320.0,36.0,37.0,59.0,28.0,28.0,170.0,253.0,168.0,11.0,11.0,11.0,11.0,28.0,31.0,31.0,91.0,91.0,202.0,202.0,202.0,222.0,222.0,222.0,3.0,3.0,239.0,253.0,253.0,265.0,238.0,242.0,227.0,200.0,205.0,214.0,262.0,256.0,186.0,222.0,245.0,245.0,273.0,273.0,273.0,273.0,289.0,289.0,226.0,226.0,261.0,261.0,261.0,213.0,213.0,213.0,213.0,213.0,213.0,213.0,215.0,215.0,215.0,238.0,238.0,238.0,162.0,162.0,162.0,162.0,162.0,232.0,232.0,232.0,222.0,222.0,315.0,135.0,26.0,26.0,174.66666666666666,17.0,61.0,31.0,31.0,160.0,284.0,79.0,93.0,93.0,346.0,346.0,346.0,178.0,163.0,39.0,39.0,35.0,35.0,316.0,132.0,186.0,171.0,242.0,94.0,94.0,246.0,246.0,246.0,246.0,213.0,213.0,213.0,233.0,233.0,233.0,62.0,62.0,62.0,256.0,264.0,264.0,264.0,334.0,51.0,51.0,224.0,201.0,201.0,241.0,241.0,241.0,239.0,225.0,158.0,158.0,354.0,110.0,135.0,135.0,135.0,65.0,96.0,96.0,34.0,42.0,42.0,42.0,60.0,60.0,60.0,60.0,59.0,59.0,59.0,59.0,59.0,281.0,281.0,281.0,142.0,256.0,256.0,252.0,116.0,116.0,116.0,113.0,159.0,156.0,159.0,111.0,111.0,85.0,269.0,86.0,319.0,319.0,319.0,91.0,91.0,334.0,334.0,142.0,142.0,40.0,84.0,94.0,94.0,94.0,48.0,250.0,250.0,250.0,159.0,94.0,94.0,94.0,91.0,91.0,91.0,73.0,73.0,132.0,132.0,132.0,132.0,156.0,156.0,169.0,169.0,34.0,34.0,143.0,322.0,48.0,48.0,15.0,347.0,84.0,316.0,316.0,142.0,61.0,280.0,10.0,31.0,31.0,45.0,96.0,102.0,269.0,269.0,0.0,160.0,273.0,163.0,233.0,143.0,300.0,253.0,316.0,215.0,94.0,92.0,309.0,247.0,31.0,159.0,336.0,293.0,293.0,83.0,28.0,37.0,28.0,289.0,284.0,235.0,225.0,212.0,238.0,155.0,155.0,155.0,223.0,59.0,253.0
2018,1,12,9,WIN_D_INST,162.0,167.0,146.0,162.0,167.0,275.0,275.0,275.0,285.0,285.0,285.0,285.0,171.0,171.0,171.0,171.0,218.0,218.0,201.0,201.0,218.0,148.0,148.0,242.0,242.0,233.0,233.0,233.0,210.0,210.0,125.0,303.0,303.0,108.0,224.0,224.0,224.0,224.0,224.0,217.0,217.0,217.0,217.0,217.0,217.0,145.0,145.0,5.0,5.0,283.0,217.0,356.0,154.0,260.0,91.0,91.0,91.0,91.0,91.0,91.0,91.0,91.0,316.0,52.0,316.0,52.0,52.0,198.0,198.0,198.0,93.0,346.0,86.0,86.0,86.0,316.0,38.0,211.0,211.0,211.0,223.0,214.0,4.0,55.0,55.0,4.0,4.0,78.0,3.0,45.0,51.0,51.0,105.0,174.0,175.0,15.0,15.0,15.0,15.0,75.0,26.0,26.0,116.0,116.0,244.0,244.0,244.0,177.0,177.0,177.0,101.33333333333331,101.33333333333331,177.0,232.0,232.0,216.0,179.0,200.0,266.0,200.0,206.0,201.0,301.0,262.0,222.0,238.0,231.0,231.0,65.0,65.0,65.0,65.0,317.0,317.0,257.0,257.0,281.0,281.0,281.0,201.0,201.0,201.0,201.0,201.0,201.0,201.0,108.0,108.0,108.0,224.0,224.0,224.0,116.0,116.0,116.0,116.0,116.0,60.0,60.0,60.0,197.0,197.0,115.0,125.0,108.0,108.0,176.0,349.0,47.0,351.0,351.0,143.0,267.0,3.0,138.0,138.0,9.0,9.0,9.0,115.0,214.0,20.0,20.0,59.0,59.0,304.0,98.0,203.0,219.0,214.0,54.0,54.0,193.0,193.0,193.0,193.0,162.0,162.0,162.0,202.0,202.0,202.0,68.0,68.0,68.0,8.0,8.0,8.0,8.0,82.0,14.0,14.0,224.0,190.0,190.0,65.0,65.0,65.0,183.0,124.0,160.0,160.0,315.0,113.0,124.0,124.0,124.0,68.0,61.0,61.0,357.0,40.0,40.0,40.0,105.0,105.0,105.0,105.0,22.0,22.0,22.0,22.0,22.0,60.0,60.0,60.0,167.0,200.0,200.0,210.0,125.0,125.0,125.0,77.0,162.0,122.0,162.0,130.0,130.0,11.0,116.0,31.0,310.0,310.0,310.0,76.0,76.0,86.0,86.0,68.0,68.0,74.0,79.0,286.0,286.0,286.0,40.0,259.0,259.0,259.0,309.0,43.0,43.0,43.0,40.0,40.0,40.0,37.0,37.0,141.0,141.0,141.0,141.0,153.0,153.0,308.0,308.0,167.0,167.0,105.0,298.0,298.0,76.0,90.0,325.0,124.0,304.0,304.0,193.0,294.0,186.0,302.0,357.0,357.0,90.0,142.0,125.0,243.0,243.0,150.0,143.0,65.0,167.0,202.0,127.0,346.0,174.0,304.0,108.0,43.0,75.0,17.0,242.0,26.0,162.0,267.0,356.0,356.0,154.0,51.0,3.0,51.0,317.0,267.0,241.0,152.0,229.0,179.0,197.0,197.0,197.0,199.0,45.0,174.0
2018,1,12,12,WIN_D_INST,170.0,154.0,135.0,170.0,154.0,272.0,272.0,272.0,330.0,330.0,330.0,330.0,198.0,198.0,198.0,198.0,205.0,205.0,121.0,121.0,205.0,89.0,89.0,246.0,246.0,212.0,212.0,212.0,200.0,200.0,157.0,77.0,77.0,181.0,125.0,125.0,125.0,125.0,125.0,217.0,217.0,217.0,217.0,217.0,217.0,102.0,102.0,35.0,35.0,140.0,225.0,116.0,99.0,177.0,45.0,45.0,45.0,45.0,45.0,45.0,45.0,45.0,23.0,113.0,23.0,113.0,113.0,229.0,229.0,229.0,109.0,343.0,43.0,43.0,43.0,23.0,84.0,218.0,218.0,218.0,203.0,232.0,310.0,73.0,73.0,310.0,310.0,144.0,0.0,53.0,25.0,25.0,82.0,194.0,183.0,146.0,146.0,146.0,146.0,314.0,332.0,332.0,94.0,94.0,195.0,195.0,195.0,152.0,152.0,152.0,74.0,74.0,239.0,259.0,259.0,215.0,258.0,217.0,228.66666666666663,205.0,129.0,231.0,143.0,193.0,169.0,256.0,45.0,45.0,188.0,188.0,188.0,188.0,217.3333333333333,217.3333333333333,347.0,347.0,261.0,261.0,261.0,167.0,167.0,167.0,167.0,167.0,167.0,167.0,181.0,181.0,181.0,125.0,125.0,125.0,139.0,139.0,139.0,139.0,139.0,145.0,145.0,145.0,278.0,278.0,14.0,61.0,34.0,34.0,104.66666666666669,349.0,24.0,0.0,0.0,121.0,332.0,11.0,34.0,34.0,340.0,340.0,340.0,111.0,270.0,264.0,264.0,265.0,265.0,276.0,298.0,129.0,231.0,259.0,295.0,295.0,114.0,114.0,114.0,114.0,320.0,320.0,320.0,72.0,72.0,72.0,133.0,133.0,133.0,318.0,115.0,115.0,115.0,48.0,25.0,25.0,215.0,128.0,128.0,72.0,72.0,72.0,217.0,98.0,118.0,118.0,343.0,87.0,104.0,104.0,104.0,14.0,43.0,43.0,281.0,14.0,14.0,14.0,130.0,130.0,130.0,130.0,14.0,14.0,14.0,14.0,14.0,116.0,116.0,116.0,235.0,183.0,183.0,183.66666666666663,230.0,230.0,230.0,153.0,142.0,96.0,142.0,133.0,133.0,227.0,88.0,88.33333333333333,48.0,48.0,48.0,271.0,271.0,0.0,0.0,96.0,96.0,0.0,90.0,207.0,207.0,207.0,3.0,262.0,262.0,262.0,228.66666666666663,28.0,28.0,28.0,17.0,17.0,17.0,354.0,354.0,152.0,152.0,152.0,152.0,129.0,129.0,245.0,245.0,173.0,173.0,155.0,45.0,238.0,147.0,313.0,266.0,79.0,276.0,276.0,205.0,107.0,49.0,198.0,23.0,23.0,169.0,125.0,153.0,328.0,328.0,147.0,121.0,188.0,154.0,72.0,113.0,343.0,194.0,276.0,181.0,28.0,354.0,53.0,246.0,332.0,142.0,79.0,116.0,116.0,99.0,25.0,0.0,25.0,217.3333333333333,332.0,203.0,65.0,236.0,258.0,195.0,195.0,195.0,187.0,53.0,194.0
2018,1,12,15,WIN_D_INST,190.0,152.0,5.0,190.0,152.0,281.0,281.0,281.0,307.0,307.0,307.0,307.0,216.0,216.0,216.0,216.0,187.0,187.0,222.0,222.0,187.0,104.0,104.0,246.0,246.0,243.0,243.0,243.0,205.0,205.0,286.0,105.0,105.0,150.0,96.0,96.0,96.0,96.0,96.0,219.0,219.0,219.0,219.0,219.0,219.0,139.0,139.0,14.0,14.0,162.0,220.0,125.0,90.66666666666669,225.0,3.0,3.0,3.0,3.0,3.0,3.0,3.0,3.0,87.33333333333333,316.0,87.33333333333333,316.0,316.0,351.0,351.0,351.0,55.0,184.3333333333333,6.0,6.0,6.0,87.33333333333333,214.0,227.0,227.0,227.0,200.0,247.0,324.0,28.0,28.0,324.0,324.0,74.0,317.0,62.0,354.0,354.0,326.0,290.0,149.0,99.0,99.0,99.0,99.0,273.6666666666667,289.0,289.0,111.0,111.0,205.0,205.0,205.0,155.0,155.0,155.0,57.0,57.0,62.0,272.0,272.0,240.0,281.0,191.0,224.0,223.0,135.0,237.0,143.0,220.0,160.0,254.0,34.0,34.0,166.0,166.0,166.0,166.0,54.0,54.0,58.0,58.0,300.0,300.0,300.0,179.0,179.0,179.0,179.0,179.0,179.0,179.0,150.0,150.0,150.0,96.0,96.0,96.0,128.0,128.0,128.0,128.0,128.0,113.0,113.0,113.0,264.0,264.0,173.66666666666666,346.0,31.0,31.0,163.0,31.0,39.0,0.0,0.0,121.0,248.0,45.0,335.0,335.0,9.0,9.0,9.0,92.0,281.0,98.0,98.0,243.0,243.0,244.0,352.0,90.0,176.0,262.3333333333333,281.0,281.0,306.0,306.0,306.0,306.0,43.0,43.0,43.0,97.0,97.0,97.0,215.0,215.0,215.0,8.0,163.0,163.0,163.0,71.0,39.0,39.0,275.0,162.0,162.0,63.0,63.0,63.0,293.0,53.0,149.0,149.0,219.0,82.0,250.0,250.0,250.0,87.0,31.0,31.0,287.0,259.0,259.0,259.0,130.0,130.0,130.0,130.0,39.0,39.0,39.0,39.0,39.0,332.0,332.0,332.0,230.0,194.0,194.0,196.0,187.0,187.0,187.0,51.0,116.0,57.0,116.0,241.0,241.0,40.0,82.0,142.0,60.0,60.0,60.0,67.0,67.0,117.0,117.0,26.0,26.0,28.0,90.0,315.0,315.0,315.0,139.0,104.0,104.0,104.0,281.0,6.0,6.0,6.0,48.0,48.0,48.0,245.0,245.0,146.0,146.0,146.0,146.0,156.0,156.0,334.0,334.0,96.0,96.0,136.0,268.0,198.3333333333333,232.0,271.0,207.0,290.0,244.0,244.0,122.0,103.0,133.0,315.0,329.0,329.0,152.0,251.3333333333333,130.0,178.0,178.0,94.0,121.0,166.0,152.0,97.0,101.0,184.3333333333333,290.0,244.0,150.0,6.0,177.66666666666666,338.0,246.0,289.0,116.0,159.0,125.0,125.0,90.66666666666669,354.0,317.0,354.0,54.0,248.0,209.0,132.0,240.0,281.0,124.0,124.0,124.0,218.0,62.0,290.0
2018,1,12,18,WIN_D_INST,346.0,119.0,307.0,346.0,119.0,275.0,275.0,275.0,315.0,315.0,315.0,315.0,206.0,206.0,206.0,206.0,248.0,248.0,270.0,270.0,248.0,36.0,36.0,222.0,222.0,235.0,235.0,235.0,205.0,205.0,40.0,102.0,102.0,113.0,102.0,102.0,102.0,102.0,102.0,152.0,152.0,152.0,152.0,152.0,152.0,181.0,181.0,127.0,127.0,81.0,138.0,145.33333333333334,59.0,137.0,317.0,317.0,317.0,317.0,317.0,317.0,317.0,317.0,4.0,293.3333333333333,4.0,293.3333333333333,293.3333333333333,13.0,13.0,13.0,302.0,101.33333333333331,158.0,158.0,158.0,4.0,235.0,208.0,208.0,208.0,207.0,249.0,310.0,128.0,128.0,310.0,310.0,59.0,181.0,177.0,239.0,239.0,332.0,208.0,166.0,91.0,91.0,91.0,91.0,251.0,48.0,48.0,91.0,91.0,194.0,194.0,194.0,129.0,129.0,129.0,62.0,62.0,76.0,265.0,265.0,181.0,190.0,152.0,232.0,189.0,109.0,236.0,138.0,113.0,146.0,256.0,338.0,338.0,236.0,236.0,236.0,236.0,55.0,55.0,39.0,39.0,298.0,298.0,298.0,108.0,108.0,108.0,108.0,108.0,108.0,108.0,113.0,113.0,113.0,102.0,102.0,102.0,105.0,105.0,105.0,105.0,105.0,227.0,227.0,227.0,256.0,256.0,307.0,320.0,266.0,266.0,172.66666666666666,79.0,77.0,20.0,20.0,155.0,264.0,122.66666666666669,17.0,17.0,34.0,34.0,34.0,123.0,307.0,129.0,129.0,144.0,144.0,220.0,267.3333333333333,166.66666666666666,66.0,250.0,241.0,241.0,12.0,12.0,12.0,12.0,283.0,283.0,283.0,97.0,97.0,97.0,119.0,119.0,119.0,8.0,352.0,352.0,352.0,82.0,118.0,118.0,309.0,128.0,128.0,354.0,354.0,354.0,304.0,65.0,169.0,169.0,135.0,110.0,323.0,323.0,323.0,343.0,122.0,122.0,17.0,256.0,256.0,256.0,105.0,105.0,105.0,105.0,276.0,276.0,276.0,276.0,276.0,235.0,235.0,235.0,213.0,194.0,194.0,230.0,198.0,198.0,198.0,113.0,99.0,85.0,99.0,173.0,173.0,354.0,62.0,179.0,66.0,66.0,66.0,184.0,184.0,254.0,254.0,88.0,88.0,6.0,118.0,136.0,136.0,136.0,357.0,259.0,259.0,259.0,155.0,164.0,164.0,164.0,326.0,326.0,326.0,233.0,233.0,158.0,158.0,158.0,158.0,126.0,126.0,27.0,27.0,28.0,28.0,113.0,258.0,133.0,232.0,172.0,158.0,338.0,220.0,220.0,256.0,251.0,269.0,190.0,303.0,303.0,174.0,329.0,117.0,104.0,104.0,111.0,155.0,236.0,119.0,97.0,90.0,101.33333333333331,208.0,220.0,113.0,164.0,230.3333333333333,349.0,222.0,48.0,99.0,124.0,145.33333333333334,145.33333333333334,59.0,239.0,181.0,239.0,55.0,264.0,208.0,183.0,141.0,190.0,155.0,155.0,155.0,205.0,177.0,208.0
2018,1,12,21,WIN_D_INST,235.0,161.0,303.0,235.0,161.0,264.0,264.0,264.0,353.0,353.0,353.0,353.0,199.0,199.0,199.0,199.0,190.0,190.0,141.0,141.0,190.0,50.0,50.0,196.66666666666663,196.66666666666663,215.0,215.0,215.0,210.0,210.0,326.0,122.0,122.0,125.0,88.0,88.0,88.0,88.0,88.0,146.0,146.0,146.0,146.0,146.0,146.0,85.0,85.0,85.0,85.0,102.0,149.0,139.0,89.0,153.0,221.0,221.0,221.0,221.0,221.0,221.0,221.0,221.0,3.0,281.0,3.0,281.0,281.0,33.0,33.0,33.0,250.0,115.0,260.0,260.0,260.0,3.0,181.0,145.0,145.0,145.0,227.0,238.0,334.0,111.0,111.0,334.0,334.0,78.0,196.0,169.0,135.0,135.0,322.3333333333333,312.0,139.0,109.0,109.0,109.0,109.0,236.0,323.0,323.0,88.0,88.0,182.0,182.0,182.0,141.0,141.0,141.0,85.0,85.0,73.0,267.0,267.0,252.0,184.0,110.0,173.33333333333334,165.0,110.0,242.0,135.0,146.0,158.0,79.0,332.0,332.0,200.0,200.0,200.0,200.0,94.0,94.0,244.0,244.0,261.0,261.0,261.0,125.0,125.0,125.0,125.0,125.0,125.0,125.0,125.0,125.0,125.0,88.0,88.0,88.0,133.33333333333334,133.33333333333334,133.33333333333334,133.33333333333334,133.33333333333334,320.0,320.0,320.0,245.0,245.0,189.3333333333333,337.0,295.0,295.0,114.66666666666669,45.0,60.0,286.0,286.0,155.0,250.0,117.0,84.0,84.0,320.0,320.0,320.0,113.0,278.0,48.0,48.0,215.0,215.0,306.0,124.0,87.0,332.0,121.0,337.0,337.0,358.0,358.0,358.0,358.0,354.0,354.0,354.0,89.0,89.0,89.0,31.0,31.0,31.0,309.0,228.0,228.0,228.0,91.0,104.0,104.0,337.0,51.0,51.0,236.0,236.0,236.0,174.0,84.66666666666667,188.0,188.0,98.0,110.0,228.0,228.0,228.0,65.0,39.0,39.0,70.0,251.0,251.0,251.0,68.0,68.0,68.0,68.0,203.0,203.0,203.0,203.0,203.0,340.0,340.0,340.0,281.0,163.0,163.0,37.0,159.0,159.0,159.0,62.0,105.0,111.0,105.0,128.0,128.0,0.0,62.0,125.0,142.0,142.0,142.0,58.0,58.0,338.0,338.0,79.0,79.0,0.0,42.0,329.0,329.0,329.0,31.0,173.66666666666666,173.66666666666666,173.66666666666666,99.0,170.0,170.0,170.0,85.0,85.0,85.0,253.0,253.0,163.0,163.0,163.0,163.0,124.0,124.0,239.0,239.0,306.0,306.0,141.0,85.0,105.0,135.0,157.0,326.0,281.0,306.0,306.0,31.0,269.0,262.0,204.0,343.0,343.0,200.0,281.0,68.0,147.0,147.0,45.0,155.0,200.0,161.0,89.0,118.0,115.0,312.0,306.0,125.0,170.0,297.0,332.0,196.66666666666663,323.0,105.0,157.0,139.0,139.0,89.0,135.0,196.0,135.0,94.0,250.0,213.0,214.0,139.0,184.0,132.0,132.0,132.0,176.0,169.0,312.0
2018,1,13,0,WIN_D_INST,131.0,155.0,224.66666666666663,131.0,155.0,230.0,230.0,230.0,348.0,348.0,348.0,348.0,211.0,211.0,211.0,211.0,2.0,2.0,109.0,109.0,2.0,64.0,64.0,226.0,226.0,241.0,241.0,241.0,146.0,146.0,181.0,86.0,86.0,145.0,91.0,91.0,91.0,91.0,91.0,146.0,146.0,146.0,146.0,146.0,146.0,99.0,99.0,124.0,124.0,105.0,59.0,161.0,76.0,92.0,221.0,221.0,221.0,221.0,221.0,221.0,221.0,221.0,345.0,26.0,345.0,26.0,26.0,41.0,41.0,41.0,144.0,85.0,315.0,315.0,315.0,345.0,41.0,187.3333333333333,187.3333333333333,187.3333333333333,202.0,254.0,332.0,119.0,119.0,332.0,332.0,83.0,351.0,73.0,343.0,343.0,349.0,20.0,172.0,155.0,155.0,155.0,155.0,337.0,128.33333333333334,128.33333333333334,116.0,116.0,218.0,218.0,218.0,129.0,129.0,129.0,54.0,54.0,73.0,274.0,274.0,160.0,145.0,84.0,116.0,30.0,86.0,315.0,124.0,120.0,146.0,103.0,70.0,70.0,219.0,219.0,219.0,219.0,28.0,28.0,270.0,270.0,167.0,167.0,167.0,116.0,116.0,116.0,116.0,116.0,116.0,116.0,145.0,145.0,145.0,91.0,91.0,91.0,159.0,159.0,159.0,159.0,159.0,130.0,130.0,130.0,264.0,264.0,202.66666666666663,302.0,40.0,40.0,148.0,84.0,67.0,241.0,241.0,163.0,132.0,75.66666666666667,11.0,11.0,326.0,326.0,326.0,107.0,295.0,8.0,8.0,296.0,296.0,261.0,92.66666666666669,188.0,272.0,20.0,238.0,238.0,312.0,312.0,312.0,312.0,242.66666666666663,242.66666666666663,242.66666666666663,87.0,87.0,87.0,91.0,91.0,91.0,354.0,31.0,31.0,31.0,71.0,149.0,149.0,3.0,85.0,85.0,224.0,224.0,224.0,152.0,79.0,138.0,138.0,79.0,101.0,243.66666666666663,243.66666666666663,243.66666666666663,98.0,55.0,55.0,45.0,301.0,301.0,301.0,51.0,51.0,51.0,51.0,355.0,355.0,355.0,355.0,355.0,323.0,323.0,323.0,227.0,197.0,197.0,215.0,179.0,179.0,179.0,139.0,111.0,85.0,111.0,142.0,142.0,99.0,108.0,169.0,236.0,236.0,236.0,35.0,35.0,0.0,0.0,105.0,105.0,14.0,79.0,283.0,283.0,283.0,23.0,140.66666666666666,140.66666666666666,140.66666666666666,82.0,354.0,354.0,354.0,17.0,17.0,17.0,340.0,340.0,141.0,141.0,141.0,141.0,141.0,141.0,319.0,319.0,178.33333333333334,178.33333333333334,354.0,39.0,303.0,135.66666666666666,344.0,22.0,39.0,261.0,261.0,41.0,299.0,165.0,165.0,3.0,3.0,172.0,257.3333333333333,258.0,190.0,190.0,82.0,163.0,219.0,155.0,87.0,79.0,85.0,20.0,261.0,145.0,354.0,298.0,332.0,226.0,128.33333333333334,111.0,141.0,161.0,161.0,76.0,343.0,351.0,343.0,28.0,132.0,219.0,293.0,118.0,145.0,158.0,158.0,158.0,147.0,73.0,20.0
2018,1,13,3,WIN_D_INST,113.0,100.0,64.0,113.0,100.0,159.0,159.0,159.0,73.0,73.0,73.0,73.0,193.0,193.0,193.0,193.0,265.0,265.0,108.0,108.0,265.0,82.0,82.0,258.0,258.0,242.0,242.0,242.0,194.0,194.0,162.0,34.0,34.0,111.0,82.0,82.0,82.0,82.0,82.0,163.0,163.0,163.0,163.0,163.0,163.0,119.0,119.0,200.0,200.0,154.0,154.0,194.0,132.0,209.0,156.0,156.0,156.0,156.0,156.0,156.0,156.0,156.0,201.0,128.0,201.0,128.0,128.0,50.0,50.0,50.0,61.333333333333336,149.0,311.0,311.0,311.0,201.0,66.0,209.0,209.0,209.0,232.0,220.0,32.0,25.0,25.0,32.0,32.0,77.0,340.0,56.0,315.0,315.0,332.0,3.0,186.0,145.0,145.0,145.0,145.0,55.0,14.0,14.0,108.0,108.0,220.0,220.0,220.0,127.0,127.0,127.0,57.0,57.0,73.0,226.0,226.0,158.0,207.0,149.0,136.0,164.0,135.0,198.0,208.0,224.0,180.0,164.0,79.0,79.0,155.0,155.0,155.0,155.0,26.0,26.0,140.0,140.0,79.0,79.0,79.0,184.0,184.0,184.0,184.0,184.0,184.0,184.0,111.0,111.0,111.0,82.0,82.0,82.0,167.0,167.0,167.0,167.0,167.0,351.0,351.0,351.0,191.0,191.0,79.0,119.0,34.0,34.0,135.66666666666666,51.0,46.0,210.0,210.0,172.0,270.0,42.0,354.0,354.0,26.0,26.0,26.0,98.0,312.0,338.0,338.0,300.0,300.0,280.0,143.0,121.0,152.0,84.0,68.0,68.0,209.0,209.0,209.0,209.0,91.0,91.0,91.0,237.0,237.0,237.0,142.66666666666666,142.66666666666666,142.66666666666666,217.0,169.0,169.0,169.0,147.0,172.0,172.0,62.0,173.0,173.0,205.0,205.0,205.0,253.0,152.0,169.0,169.0,354.0,163.0,180.0,180.0,180.0,110.0,104.0,104.0,276.0,187.0,187.0,187.0,65.0,65.0,65.0,65.0,159.33333333333334,159.33333333333334,159.33333333333334,159.33333333333334,159.33333333333334,9.0,9.0,9.0,181.0,200.0,200.0,181.0,133.0,133.0,133.0,91.0,79.0,94.0,79.0,170.0,170.0,111.0,108.0,159.0,307.0,307.0,307.0,79.0,79.0,130.0,130.0,105.0,105.0,40.0,87.0,230.0,230.0,230.0,60.0,227.0,227.0,227.0,209.66666666666663,309.0,309.0,309.0,122.66666666666669,122.66666666666669,122.66666666666669,307.0,307.0,166.0,166.0,166.0,166.0,162.0,162.0,319.0,319.0,201.0,201.0,119.0,1.0,269.0,40.0,188.0,176.0,115.0,280.0,280.0,149.0,271.0,171.0,95.0,323.0,323.0,343.0,162.0,88.0,281.0,281.0,326.0,172.0,155.0,100.0,237.0,152.0,149.0,3.0,280.0,111.0,309.0,155.0,326.0,258.0,14.0,79.0,160.0,194.0,194.0,132.0,315.0,340.0,315.0,26.0,270.0,226.0,346.0,126.0,207.0,154.0,154.0,154.0,135.0,56.0,3.0
2018,1,13,6,WIN_D_INST,184.0,168.0,116.0,184.0,168.0,235.0,235.0,235.0,143.0,143.0,143.0,143.0,172.0,172.0,172.0,172.0,255.0,255.0,143.0,143.0,255.0,149.0,149.0,226.0,226.0,216.0,216.0,216.0,188.0,188.0,190.0,218.0,218.0,159.0,130.0,130.0,130.0,130.0,130.0,166.0,166.0,166.0,166.0,166.0,166.0,147.0,147.0,168.0,168.0,136.0,167.0,250.0,123.0,174.0,179.0,179.0,179.0,179.0,179.0,179.0,179.0,179.0,227.0,56.0,227.0,56.0,56.0,271.0,271.0,271.0,46.0,128.0,20.0,20.0,20.0,227.0,87.0,171.0,171.0,171.0,129.0,231.0,70.0,45.0,45.0,70.0,70.0,76.0,156.0,42.0,155.0,155.0,196.0,278.0,181.0,246.0,246.0,246.0,246.0,314.0,317.0,317.0,116.0,116.0,254.0,254.0,254.0,169.0,169.0,169.0,65.0,65.0,90.0,212.0,212.0,189.0,153.0,186.0,159.0,194.0,199.0,110.0,169.0,195.0,228.0,226.0,183.0,183.0,228.0,228.0,228.0,228.0,351.0,351.0,129.0,129.0,145.0,145.0,145.0,31.0,31.0,31.0,31.0,31.0,31.0,31.0,159.0,159.0,159.0,130.0,130.0,130.0,111.0,111.0,111.0,111.0,111.0,317.0,317.0,317.0,267.0,267.0,121.0,131.0,28.0,28.0,136.33333333333334,177.0,65.0,150.0,150.0,59.0,113.0,110.0,56.0,56.0,278.0,278.0,278.0,39.0,177.0,87.0,87.0,326.0,326.0,294.0,59.0,101.0,220.0,340.0,79.0,79.0,163.0,163.0,163.0,163.0,94.0,94.0,94.0,275.0,275.0,275.0,71.0,71.0,71.0,53.0,256.0,256.0,256.0,113.0,233.0,233.0,156.0,190.0,190.0,217.0,217.0,217.0,222.0,146.0,146.0,146.0,307.0,110.0,174.0,174.0,174.0,118.0,97.0,97.0,287.0,326.0,326.0,326.0,54.0,54.0,54.0,54.0,47.0,47.0,47.0,47.0,47.0,0.0,0.0,0.0,164.0,205.0,205.0,215.0,136.0,136.0,136.0,71.0,139.0,128.0,139.0,142.0,142.0,17.0,85.0,106.0,343.0,343.0,343.0,92.0,92.0,163.0,163.0,88.0,88.0,119.0,79.0,99.0,99.0,99.0,184.0,231.0,231.0,231.0,317.0,130.0,130.0,130.0,14.0,14.0,14.0,338.0,338.0,132.0,132.0,132.0,132.0,120.0,120.0,239.0,239.0,23.0,23.0,171.0,44.0,139.0,62.0,196.0,106.0,73.0,294.0,294.0,113.0,61.0,240.0,20.0,278.0,278.0,304.0,332.0,252.0,181.0,181.0,303.0,59.0,228.0,168.0,275.0,132.0,128.0,278.0,294.0,159.0,130.0,100.0,267.0,226.0,317.0,139.0,156.0,250.0,250.0,123.0,155.0,156.0,155.0,351.0,113.0,124.0,155.0,206.0,153.0,155.0,155.0,155.0,223.0,42.0,278.0
2018,1,13,9,WIN_D_INST,175.33333333333334,187.0,113.0,175.33333333333334,187.0,147.0,147.0,147.0,115.0,115.0,115.0,115.0,180.0,180.0,180.0,180.0,117.0,117.0,196.0,196.0,117.0,194.0,194.0,135.0,135.0,178.0,178.0,178.0,170.0,170.0,184.0,329.0,329.0,108.0,184.0,184.0,184.0,184.0,184.0,180.0,180.0,180.0,180.0,180.0,180.0,142.0,142.0,133.0,133.0,92.0,154.0,136.0,111.0,127.0,85.0,85.0,85.0,85.0,85.0,85.0,85.0,85.0,46.0,51.0,46.0,51.0,51.0,195.0,195.0,195.0,62.0,86.0,92.0,92.0,92.0,46.0,68.0,201.0,201.0,201.0,162.0,181.0,118.0,68.0,68.0,118.0,118.0,67.0,190.0,256.0,250.0,250.0,213.0,239.0,156.0,87.0,87.0,87.0,87.0,298.0,232.0,232.0,108.0,108.0,234.0,234.0,234.0,155.0,155.0,155.0,275.0,275.0,141.0,194.0,194.0,203.0,179.0,217.0,156.0,186.0,136.0,168.0,248.0,183.0,180.0,207.0,118.0,118.0,214.0,214.0,214.0,214.0,235.0,235.0,91.0,91.0,201.0,201.0,201.0,179.0,179.0,179.0,179.0,179.0,179.0,179.0,108.0,108.0,108.0,184.0,184.0,184.0,68.0,68.0,68.0,68.0,68.0,111.0,111.0,111.0,149.0,149.0,93.0,127.0,139.0,139.0,169.0,104.0,66.0,354.0,354.0,87.0,115.0,163.0,98.0,98.0,215.0,215.0,215.0,61.0,183.0,298.0,298.0,129.0,129.0,268.0,231.0,233.0,314.0,309.0,162.0,162.0,184.0,184.0,184.0,184.0,283.0,283.0,283.0,240.0,240.0,240.0,252.0,252.0,252.0,25.0,276.0,276.0,276.0,139.0,250.0,250.0,176.0,162.0,162.0,214.66666666666663,214.66666666666663,214.66666666666663,309.0,135.0,146.0,146.0,141.0,121.0,138.0,138.0,138.0,62.0,67.0,67.0,172.0,7.0,7.0,7.0,91.0,91.0,91.0,91.0,27.0,27.0,27.0,27.0,27.0,65.0,65.0,65.0,179.0,191.0,191.0,0.0,162.0,162.0,162.0,96.0,111.0,96.0,111.0,119.0,119.0,332.0,96.0,114.0,359.0,359.0,359.0,66.0,66.0,0.0,0.0,23.0,23.0,125.0,53.0,17.0,17.0,17.0,281.0,233.0,233.0,233.0,113.0,249.0,249.0,249.0,193.0,193.0,193.0,143.0,143.0,121.0,121.0,121.0,121.0,118.0,118.0,39.0,39.0,34.0,34.0,75.0,85.0,306.0,95.0,32.0,339.0,82.0,268.0,268.0,310.0,167.0,276.0,314.0,258.0,258.0,298.0,306.0,303.0,236.0,236.0,334.0,87.0,214.0,187.0,240.0,160.0,86.0,239.0,268.0,108.0,249.0,77.0,250.0,135.0,232.0,111.0,120.0,136.0,136.0,111.0,250.0,190.0,250.0,235.0,115.0,179.0,188.0,204.0,179.0,209.0,209.0,209.0,95.0,256.0,239.0
2018,1,13,12,WIN_D_INST,308.0,164.0,36.0,308.0,164.0,102.0,102.0,102.0,58.0,58.0,58.0,58.0,191.0,191.0,191.0,191.0,49.0,49.0,8.0,8.0,49.0,221.3333333333333,221.3333333333333,83.0,83.0,177.0,177.0,177.0,128.0,128.0,167.0,133.0,133.0,176.0,136.0,136.0,136.0,136.0,136.0,141.0,141.0,141.0,141.0,141.0,141.0,119.0,119.0,142.0,142.0,121.0,151.0,123.0,114.0,114.0,111.0,111.0,111.0,111.0,111.0,111.0,111.0,111.0,235.0,143.0,235.0,143.0,143.0,302.0,302.0,302.0,52.0,109.0,152.66666666666666,152.66666666666666,152.66666666666666,235.0,24.0,188.0,188.0,188.0,189.0,191.0,203.0,157.0,157.0,203.0,203.0,69.0,201.0,239.0,273.0,273.0,208.66666666666663,31.0,120.0,109.0,109.0,109.0,109.0,256.0,295.0,295.0,283.0,283.0,241.0,241.0,241.0,163.0,163.0,163.0,77.0,77.0,191.0,163.0,163.0,100.0,153.0,135.0,125.0,150.0,123.0,221.0,180.0,188.0,158.0,265.0,332.0,332.0,166.0,166.0,166.0,166.0,264.0,264.0,81.0,81.0,201.0,201.0,201.0,170.0,170.0,170.0,170.0,170.0,170.0,170.0,176.0,176.0,176.0,136.0,136.0,136.0,102.0,102.0,102.0,102.0,102.0,147.0,147.0,147.0,281.0,281.0,200.0,9.0,315.0,315.0,190.66666666666663,73.0,40.0,9.0,9.0,290.0,76.0,79.0,129.0,129.0,187.0,187.0,187.0,138.0,163.0,143.0,143.0,232.0,232.0,125.0,28.0,346.0,231.0,278.0,65.0,65.0,109.0,109.0,109.0,109.0,28.0,28.0,28.0,103.0,103.0,103.0,165.33333333333334,165.33333333333334,165.33333333333334,76.0,214.0,214.0,214.0,179.0,233.0,233.0,312.0,173.0,173.0,262.0,262.0,262.0,169.0,149.0,135.0,135.0,214.0,121.0,218.3333333333333,218.3333333333333,218.3333333333333,96.0,21.0,21.0,31.0,324.0,324.0,324.0,60.0,60.0,60.0,60.0,13.0,13.0,13.0,13.0,13.0,340.0,340.0,340.0,142.0,194.0,194.0,204.0,300.0,300.0,300.0,130.0,136.0,45.0,136.0,159.0,159.0,210.0,320.0,57.0,308.0,308.0,308.0,165.0,165.0,308.0,308.0,14.0,14.0,142.0,79.0,258.0,258.0,258.0,89.0,121.0,121.0,121.0,111.0,272.0,272.0,272.0,108.0,108.0,108.0,143.0,143.0,8.0,8.0,8.0,8.0,157.0,157.0,276.0,276.0,102.0,102.0,85.0,352.0,224.0,171.0,175.0,156.0,245.0,125.0,125.0,327.0,101.0,296.0,186.0,266.0,266.0,163.0,300.0,241.0,217.0,217.0,62.0,290.0,166.0,164.0,103.0,143.0,109.0,31.0,125.0,176.0,272.0,118.0,343.0,83.0,295.0,136.0,135.0,123.0,123.0,114.0,273.0,201.0,273.0,264.0,76.0,193.0,155.0,170.0,153.0,158.0,158.0,158.0,168.0,239.0,31.0
2018,1,13,15,WIN_D_INST,348.0,291.0,336.0,348.0,291.0,91.0,91.0,91.0,55.0,55.0,55.0,55.0,196.0,196.0,196.0,196.0,63.0,63.0,109.0,109.0,63.0,354.0,354.0,60.0,60.0,176.0,176.0,176.0,196.0,196.0,111.0,164.0,164.0,130.0,82.0,82.0,82.0,82.0,82.0,160.0,160.0,160.0,160.0,160.0,160.0,190.0,190.0,136.0,136.0,128.0,164.0,148.0,110.0,117.0,159.0,159.0,159.0,159.0,159.0,159.0,159.0,159.0,7.0,195.0,7.0,195.0,195.0,278.0,278.0,278.0,95.0,89.0,288.0,288.0,288.0,7.0,73.0,207.0,207.0,207.0,184.0,214.0,125.0,104.0,104.0,125.0,125.0,87.0,235.0,186.0,197.0,197.0,193.0,197.0,150.0,168.0,168.0,168.0,168.0,143.0,28.0,28.0,252.0,252.0,276.0,276.0,276.0,160.0,160.0,160.0,82.0,82.0,231.0,202.0,202.0,201.0,156.0,160.0,108.0,142.0,115.0,222.0,180.0,176.0,166.0,272.0,17.0,17.0,186.0,186.0,186.0,186.0,281.0,281.0,263.0,263.0,227.0,227.0,227.0,153.0,153.0,153.0,153.0,153.0,153.0,153.0,130.0,130.0,130.0,82.0,82.0,82.0,82.0,82.0,82.0,82.0,82.0,261.0,261.0,261.0,262.0,262.0,259.0,330.0,139.0,139.0,69.33333333333333,37.0,31.0,34.0,34.0,197.0,127.0,354.0,180.0,180.0,235.0,235.0,235.0,66.0,222.0,124.0,124.0,225.0,225.0,309.0,39.0,3.0,300.0,250.0,91.0,91.0,205.0,205.0,205.0,205.0,266.0,266.0,266.0,4.0,4.0,4.0,88.0,88.0,88.0,326.0,253.0,253.0,253.0,179.0,236.0,236.0,244.0,187.0,187.0,251.0,251.0,251.0,177.0,152.0,138.0,138.0,326.0,146.0,321.0,321.0,321.0,101.0,75.0,75.0,205.0,292.0,292.0,292.0,74.0,74.0,74.0,74.0,326.0,326.0,326.0,326.0,326.0,351.0,351.0,351.0,184.0,200.0,200.0,190.0,179.0,179.0,179.0,139.0,111.0,357.0,111.0,184.0,184.0,244.0,238.0,321.0,107.0,107.0,107.0,130.0,130.0,0.0,0.0,102.0,102.0,108.0,70.0,266.0,266.0,266.0,128.0,129.0,129.0,129.0,123.0,252.0,252.0,252.0,23.0,23.0,23.0,127.0,127.0,56.0,56.0,56.0,56.0,113.0,113.0,281.0,281.0,17.0,17.0,46.0,327.0,88.0,233.0,159.0,188.0,301.0,309.0,309.0,211.0,143.0,256.0,187.0,255.0,255.0,188.0,264.0,272.0,143.66666666666666,143.66666666666666,125.0,197.0,186.0,291.0,4.0,146.0,89.0,197.0,309.0,130.0,252.0,45.0,39.0,60.0,28.0,111.0,124.0,148.0,148.0,110.0,197.0,235.0,197.0,281.0,127.0,216.0,174.0,127.0,156.0,144.0,144.0,144.0,180.0,186.0,197.0
2018,1,13,18,WIN_D_INST,237.0,189.3333333333333,292.0,237.0,189.3333333333333,116.0,116.0,116.0,338.0,338.0,338.0,338.0,209.0,209.0,209.0,209.0,77.0,77.0,25.0,25.0,77.0,349.0,349.0,59.0,59.0,176.0,176.0,176.0,203.0,203.0,320.0,207.0,207.0,147.0,130.0,130.0,130.0,130.0,130.0,149.0,149.0,149.0,149.0,149.0,149.0,159.0,159.0,164.0,164.0,111.0,157.0,149.0,114.0,115.0,194.3333333333333,194.3333333333333,194.3333333333333,194.3333333333333,194.3333333333333,194.3333333333333,194.3333333333333,194.3333333333333,41.0,194.0,41.0,194.0,194.0,290.0,290.0,290.0,115.0,203.0,299.0,299.0,299.0,41.0,230.0,208.0,208.0,208.0,179.0,194.0,321.0,134.0,134.0,321.0,321.0,101.0,54.0,267.0,203.0,203.0,332.0,124.0,101.66666666666669,73.0,73.0,73.0,73.0,210.0,181.0,181.0,281.0,281.0,277.0,277.0,277.0,163.0,163.0,163.0,85.0,85.0,203.0,231.0,231.0,75.0,193.0,160.0,88.0,128.0,121.0,232.0,172.0,175.0,121.0,306.0,56.0,56.0,203.0,203.0,203.0,203.0,247.0,247.0,251.0,251.0,232.0,232.0,232.0,145.0,145.0,145.0,145.0,145.0,145.0,145.0,147.0,147.0,147.0,130.0,130.0,130.0,91.0,91.0,91.0,91.0,91.0,77.0,77.0,77.0,228.0,228.0,259.0,26.0,201.0,201.0,156.0,28.0,46.0,48.0,48.0,186.0,290.0,182.66666666666663,146.0,146.0,184.0,184.0,184.0,170.0,354.0,180.0,180.0,217.0,217.0,117.0,312.0,101.0,236.0,278.0,181.0,181.0,334.0,334.0,334.0,334.0,133.0,133.0,133.0,88.0,88.0,88.0,125.0,125.0,125.0,127.0,208.0,208.0,208.0,184.0,245.0,245.0,179.0,181.0,181.0,221.0,221.0,221.0,312.0,101.0,160.0,160.0,349.0,143.0,25.0,25.0,25.0,98.0,48.0,48.0,160.0,273.0,273.0,273.0,71.0,71.0,71.0,71.0,145.0,145.0,145.0,145.0,145.0,0.0,0.0,0.0,329.0,186.0,186.0,207.0,261.0,261.0,261.0,320.0,79.0,116.0,79.0,346.0,346.0,190.0,187.0,44.0,16.0,16.0,16.0,297.0,297.0,311.0,311.0,62.0,62.0,14.0,115.0,88.0,88.0,88.0,68.0,156.66666666666666,156.66666666666666,156.66666666666666,117.0,91.0,91.0,91.0,99.0,99.0,99.0,129.33333333333334,129.33333333333334,326.0,326.0,326.0,326.0,163.0,163.0,80.0,80.0,289.0,289.0,252.0,0.0,164.0,250.0,119.0,195.0,273.0,117.0,117.0,101.0,99.0,21.0,301.0,238.0,238.0,174.0,26.0,207.0,150.0,150.0,133.0,186.0,203.0,189.3333333333333,88.0,160.0,203.0,124.0,117.0,147.0,91.0,270.6666666666667,79.0,59.0,181.0,79.0,135.0,149.0,149.0,114.0,203.0,54.0,203.0,247.0,290.0,187.0,197.0,92.0,193.0,75.0,75.0,75.0,196.0,267.0,124.0
2018,1,13,21,WIN_D_INST,242.0,228.0,317.0,242.0,228.0,111.0,111.0,111.0,10.0,10.0,10.0,10.0,234.0,234.0,234.0,234.0,60.0,60.0,184.0,184.0,60.0,40.0,40.0,87.0,87.0,191.0,191.0,191.0,202.0,202.0,346.0,130.0,130.0,249.0,119.0,119.0,119.0,119.0,119.0,166.0,166.0,166.0,166.0,166.0,166.0,142.0,142.0,147.0,147.0,118.0,156.0,165.0,130.0,118.0,198.0,198.0,198.0,198.0,198.0,198.0,198.0,198.0,349.0,275.0,349.0,275.0,275.0,51.0,51.0,51.0,141.0,127.0,313.0,313.0,313.0,349.0,212.0,189.0,189.0,189.0,187.0,201.0,133.0,110.0,110.0,133.0,133.0,76.0,349.0,14.0,338.0,338.0,262.0,48.0,121.0,125.0,125.0,125.0,125.0,212.0,34.0,34.0,272.0,272.0,246.0,246.0,246.0,146.0,146.0,146.0,156.0,156.0,200.0,210.0,210.0,130.0,179.0,163.0,119.0,71.0,99.0,221.0,194.0,170.0,160.0,289.0,267.0,267.0,191.0,191.0,191.0,191.0,153.0,153.0,248.0,248.0,340.0,340.0,340.0,147.0,147.0,147.0,147.0,147.0,147.0,147.0,249.0,249.0,249.0,119.0,119.0,119.0,145.0,145.0,145.0,145.0,145.0,88.0,88.0,88.0,256.0,256.0,264.0,119.0,130.0,130.0,226.3333333333333,8.0,44.0,349.0,349.0,262.0,84.0,354.0,111.33333333333331,111.33333333333331,162.0,162.0,162.0,280.0,25.0,349.0,349.0,265.0,265.0,310.0,70.0,93.0,336.0,309.0,221.0,221.0,324.0,324.0,324.0,324.0,258.0,258.0,258.0,67.0,67.0,67.0,351.0,351.0,351.0,169.0,110.0,110.0,110.0,201.0,290.0,290.0,190.0,162.0,162.0,75.0,75.0,75.0,188.0,104.0,143.0,143.0,110.0,177.0,323.0,323.0,323.0,87.0,142.33333333333334,142.33333333333334,66.33333333333333,281.3333333333333,281.3333333333333,281.3333333333333,323.0,323.0,323.0,323.0,156.0,156.0,156.0,156.0,156.0,340.0,340.0,340.0,221.0,203.0,203.0,252.0,201.0,201.0,201.0,170.0,102.0,114.0,102.0,232.0,232.0,105.0,227.0,178.0,136.0,136.0,136.0,282.0,282.0,21.0,21.0,54.0,54.0,357.0,278.0,351.0,351.0,351.0,40.0,136.0,136.0,136.0,82.0,275.0,275.0,275.0,79.0,79.0,79.0,129.0,129.0,287.0,287.0,287.0,287.0,112.0,112.0,309.0,309.0,54.0,54.0,101.0,0.0,130.0,207.0,66.0,151.0,11.0,310.0,310.0,25.0,137.0,24.0,205.0,218.0,218.0,174.0,255.0,213.0,56.0,56.0,235.0,262.0,191.0,228.0,67.0,138.0,127.0,48.0,310.0,249.0,275.0,352.0,160.33333333333334,87.0,34.0,102.0,129.0,165.0,165.0,130.0,338.0,349.0,338.0,153.0,84.0,176.0,149.0,265.0,179.0,124.0,124.0,124.0,176.0,14.0,48.0
2018,1,14,0,WIN_D_INST,18.0,3.0,17.0,18.0,3.0,204.0,204.0,204.0,269.0,269.0,269.0,269.0,281.0,281.0,281.0,281.0,34.0,34.0,21.0,21.0,34.0,130.66666666666666,130.66666666666666,114.0,114.0,253.0,253.0,253.0,303.0,303.0,306.0,48.0,48.0,162.0,196.0,196.0,196.0,196.0,196.0,152.0,152.0,152.0,152.0,152.0,152.0,176.0,176.0,110.0,110.0,164.0,150.0,211.0,98.0,117.0,204.0,204.0,204.0,204.0,204.0,204.0,204.0,204.0,358.0,162.0,358.0,162.0,162.0,45.0,45.0,45.0,153.0,131.0,252.0,252.0,252.0,358.0,222.0,189.0,189.0,189.0,194.0,189.0,290.0,47.0,47.0,290.0,290.0,63.0,340.0,48.0,25.0,25.0,332.0,115.33333333333331,181.0,79.0,79.0,79.0,79.0,15.0,155.66666666666666,155.66666666666666,204.0,204.0,315.0,315.0,315.0,160.0,160.0,160.0,159.0,159.0,253.0,191.0,191.0,87.33333333333333,230.0,124.0,153.0,31.0,106.0,234.0,160.0,178.0,169.0,267.0,203.0,203.0,346.0,346.0,346.0,346.0,142.0,142.0,246.0,246.0,190.0,190.0,190.0,176.0,176.0,176.0,176.0,176.0,176.0,176.0,162.0,162.0,162.0,196.0,196.0,196.0,170.0,170.0,170.0,170.0,170.0,136.0,136.0,136.0,276.0,276.0,262.0,328.0,157.66666666666666,157.66666666666666,209.3333333333333,11.0,34.0,218.3333333333333,218.3333333333333,143.0,267.0,3.0,84.0,84.0,300.0,300.0,300.0,240.66666666666663,315.0,135.0,135.0,242.0,242.0,77.0,62.0,111.66666666666669,186.0,242.0,170.0,170.0,324.0,324.0,324.0,324.0,232.0,232.0,232.0,103.0,103.0,103.0,11.0,11.0,11.0,90.0,115.0,115.0,115.0,159.0,278.0,278.0,201.0,150.0,150.0,87.0,87.0,87.0,307.0,203.0,191.0,191.0,68.0,155.0,118.0,118.0,118.0,82.0,67.0,67.0,28.0,262.0,262.0,262.0,105.0,105.0,105.0,105.0,125.0,125.0,125.0,125.0,125.0,349.0,349.0,349.0,224.0,197.0,197.0,207.0,215.0,215.0,215.0,218.0,105.0,26.0,105.0,303.0,303.0,113.0,210.66666666666663,122.33333333333331,288.0,288.0,288.0,147.0,147.0,74.0,74.0,94.0,94.0,6.0,278.0,326.0,326.0,326.0,17.0,107.0,107.0,107.0,106.66666666666669,91.0,91.0,91.0,88.0,88.0,88.0,104.0,104.0,323.0,323.0,323.0,323.0,119.0,119.0,316.0,316.0,108.0,108.0,70.0,84.0,71.0,242.0,198.0,143.0,340.0,77.0,77.0,359.0,170.0,314.0,201.0,283.0,283.0,98.0,292.0,176.0,251.0,251.0,232.0,143.0,346.0,3.0,103.0,143.0,131.0,115.33333333333331,77.0,162.0,91.0,349.0,326.0,114.0,155.66666666666666,105.0,166.0,211.0,211.0,98.0,25.0,340.0,25.0,142.0,267.0,191.0,110.0,128.0,230.0,217.0,217.0,217.0,197.0,48.0,115.33333333333331
2018,1,14,3,WIN_D_INST,88.0,124.0,289.0,88.0,124.0,312.0,312.0,312.0,276.0,276.0,276.0,276.0,163.0,163.0,163.0,163.0,42.0,42.0,165.0,165.0,42.0,120.0,120.0,218.0,218.0,259.0,259.0,259.0,232.0,232.0,213.0,48.0,48.0,215.0,173.0,173.0,173.0,173.0,173.0,205.0,205.0,205.0,205.0,205.0,205.0,145.0,145.0,239.0,239.0,171.0,244.0,149.0,161.0,146.0,179.0,179.0,179.0,179.0,179.0,179.0,179.0,179.0,156.0,158.0,156.0,158.0,158.0,45.0,45.0,45.0,158.0,180.0,289.0,289.0,289.0,156.0,91.0,206.0,206.0,206.0,183.0,208.0,96.0,64.0,64.0,96.0,96.0,81.0,11.0,14.0,107.0,107.0,145.0,312.0,182.0,163.0,163.0,163.0,163.0,11.0,354.0,354.0,210.0,210.0,267.0,267.0,267.0,205.0,205.0,205.0,156.0,156.0,222.0,192.0,192.0,188.0,266.0,183.0,136.0,193.0,133.0,214.0,191.0,158.0,225.0,240.0,250.0,250.0,37.0,37.0,37.0,37.0,323.0,323.0,7.0,7.0,292.0,292.0,292.0,173.0,173.0,173.0,173.0,173.0,173.0,173.0,215.0,215.0,215.0,173.0,173.0,173.0,170.0,170.0,170.0,170.0,170.0,264.0,264.0,264.0,228.0,228.0,276.0,130.0,221.0,221.0,170.0,0.0,54.0,111.0,111.0,264.0,141.0,45.0,34.0,34.0,340.0,340.0,340.0,120.0,6.0,76.0,76.0,302.0,302.0,96.0,68.0,205.0,227.0,59.0,156.0,156.0,300.0,300.0,300.0,300.0,96.0,96.0,96.0,214.0,214.0,214.0,11.0,11.0,11.0,211.0,245.0,245.0,245.0,224.0,217.0,217.0,218.0,184.0,184.0,215.0,215.0,215.0,318.0,172.0,177.0,177.0,338.0,200.0,121.0,121.0,121.0,51.0,46.0,46.0,8.0,285.0,285.0,285.0,40.0,40.0,40.0,40.0,135.66666666666666,135.66666666666666,135.66666666666666,135.66666666666666,135.66666666666666,326.0,326.0,326.0,193.0,200.0,200.0,312.0,346.0,346.0,346.0,68.0,130.0,82.0,130.0,111.0,111.0,20.0,315.0,93.0,220.0,220.0,220.0,116.0,116.0,140.0,140.0,0.0,0.0,37.0,248.0,105.0,105.0,105.0,244.0,239.0,239.0,239.0,315.0,247.0,247.0,247.0,122.0,122.0,122.0,113.0,113.0,318.0,318.0,318.0,318.0,128.0,128.0,147.0,147.0,150.0,150.0,310.0,284.0,14.0,55.0,115.0,154.0,335.0,96.0,96.0,14.0,11.0,180.0,81.0,122.0,122.0,141.0,119.0,91.0,329.0,329.0,179.0,264.0,37.0,124.0,214.0,186.0,180.0,312.0,96.0,215.0,247.0,157.0,256.0,218.0,354.0,130.0,182.0,149.0,149.0,161.0,107.0,11.0,107.0,323.0,141.0,192.0,211.0,212.0,266.0,193.0,193.0,193.0,184.0,14.0,312.0
2018,1,14,6,WIN_D_INST,57.0,103.0,197.0,57.0,103.0,286.0,286.0,286.0,277.0,277.0,277.0,277.0,71.0,71.0,71.0,71.0,205.0,205.0,252.0,252.0,205.0,256.0,256.0,227.0,227.0,252.0,252.0,252.0,177.0,177.0,210.0,43.0,43.0,187.0,196.0,196.0,196.0,196.0,196.0,219.0,219.0,219.0,219.0,219.0,219.0,272.0,272.0,211.0,211.0,147.0,263.0,203.0,129.0,222.0,179.0,179.0,179.0,179.0,179.0,179.0,179.0,179.0,193.0,130.0,193.0,130.0,130.0,345.0,345.0,345.0,209.0,173.0,97.0,97.0,97.0,193.0,22.0,181.0,181.0,181.0,188.0,205.0,34.0,187.0,187.0,34.0,34.0,77.0,139.0,6.0,349.0,349.0,283.0,141.0,168.0,61.0,61.0,61.0,61.0,55.0,45.0,45.0,190.0,190.0,281.0,281.0,281.0,225.0,225.0,225.0,210.0,210.0,253.0,228.0,228.0,198.0,272.0,222.0,272.0,232.0,197.0,203.0,338.0,207.0,177.0,227.0,262.0,262.0,37.0,37.0,37.0,37.0,153.0,153.0,289.0,289.0,309.0,309.0,309.0,179.0,179.0,179.0,179.0,179.0,179.0,179.0,187.0,187.0,187.0,196.0,196.0,196.0,198.0,198.0,198.0,198.0,198.0,357.0,357.0,357.0,233.0,233.0,239.0,147.0,170.0,170.0,181.66666666666663,349.0,63.0,176.0,176.0,208.0,124.0,152.0,174.0,174.0,303.0,303.0,303.0,311.0,93.0,6.0,6.0,140.0,140.0,66.0,186.0,231.0,71.0,174.0,150.0,150.0,352.0,352.0,352.0,352.0,235.0,235.0,235.0,231.0,231.0,231.0,164.0,164.0,164.0,214.0,287.0,287.0,287.0,283.0,253.0,253.0,204.0,196.0,196.0,219.0,219.0,219.0,0.0,217.0,200.0,200.0,0.0,219.0,158.0,158.0,158.0,304.0,117.0,117.0,321.0,178.0,178.0,178.0,238.0,238.0,238.0,238.0,0.0,0.0,0.0,0.0,0.0,9.0,9.0,9.0,116.0,203.0,203.0,258.0,71.0,71.0,71.0,99.0,303.0,193.0,303.0,65.0,65.0,142.0,48.0,154.0,332.0,332.0,332.0,167.0,167.0,124.0,124.0,94.0,94.0,340.0,23.0,111.0,111.0,111.0,184.0,84.0,84.0,84.0,283.0,159.0,159.0,159.0,326.0,326.0,326.0,118.0,118.0,138.0,138.0,138.0,138.0,88.0,88.0,187.0,187.0,156.0,156.0,4.0,258.0,3.0,81.0,349.0,353.0,107.0,66.0,66.0,19.0,277.0,141.0,36.0,3.0,3.0,115.0,88.0,62.0,245.0,245.0,255.0,208.0,37.0,103.0,231.0,214.0,173.0,141.0,66.0,187.0,159.0,201.0,87.0,227.0,45.0,303.0,184.0,203.0,203.0,129.0,349.0,139.0,349.0,153.0,124.0,193.0,349.0,268.0,272.0,206.0,206.0,206.0,233.0,6.0,141.0
2018,1,14,9,WIN_D_INST,208.0,222.0,178.0,208.0,222.0,326.0,326.0,326.0,273.0,273.0,273.0,273.0,111.0,111.0,111.0,111.0,110.0,110.0,121.0,121.0,110.0,348.0,348.0,256.0,256.0,240.0,240.0,240.0,83.0,83.0,184.0,99.0,99.0,238.0,235.0,235.0,235.0,235.0,235.0,228.0,228.0,228.0,228.0,228.0,228.0,249.0,249.0,260.0,260.0,183.0,231.0,230.0,121.0,157.0,357.0,357.0,357.0,357.0,357.0,357.0,357.0,357.0,119.0,180.0,119.0,180.0,180.0,326.0,326.0,326.0,91.0,120.0,347.0,347.0,347.0,119.0,111.0,204.0,204.0,204.0,192.0,195.0,128.0,27.0,27.0,128.0,128.0,36.0,68.0,70.0,8.0,8.0,82.0,349.0,134.0,225.0,225.0,225.0,225.0,120.0,28.0,28.0,221.0,221.0,291.0,291.0,291.0,231.0,231.0,231.0,221.0,221.0,239.0,235.0,235.0,206.0,215.66666666666663,200.0,249.0,189.0,210.0,222.0,115.0,194.0,217.0,238.0,270.0,270.0,217.0,217.0,217.0,217.0,213.0,213.0,223.0,223.0,323.0,323.0,323.0,281.0,281.0,281.0,281.0,281.0,281.0,281.0,238.0,238.0,238.0,235.0,235.0,235.0,179.0,179.0,179.0,179.0,179.0,210.0,210.0,210.0,267.0,267.0,262.0,131.0,128.0,128.0,161.66666666666666,28.0,72.0,40.0,40.0,65.0,115.0,340.0,8.0,8.0,17.0,17.0,17.0,92.0,68.0,340.0,340.0,105.0,105.0,297.0,149.0,228.0,228.0,219.0,125.0,125.0,298.0,298.0,298.0,298.0,300.0,300.0,300.0,206.0,206.0,206.0,37.0,37.0,37.0,256.0,301.0,301.0,301.0,278.0,51.0,51.0,315.0,218.0,218.0,235.0,235.0,235.0,93.0,129.0,163.0,163.0,349.0,214.66666666666663,177.0,177.0,177.0,82.0,60.0,60.0,53.0,97.0,97.0,97.0,96.0,96.0,96.0,96.0,54.0,54.0,54.0,54.0,54.0,48.0,48.0,48.0,125.0,197.0,197.0,204.0,173.0,173.0,173.0,14.0,108.0,275.0,108.0,108.0,108.0,181.0,94.0,133.0,0.0,0.0,0.0,272.0,272.0,192.0,192.0,43.0,43.0,23.0,278.0,108.0,108.0,108.0,48.0,51.0,51.0,51.0,136.0,119.0,119.0,119.0,272.0,272.0,272.0,11.0,11.0,228.0,228.0,228.0,228.0,152.0,152.0,87.0,87.0,136.0,136.0,275.0,285.0,278.0,76.66666666666667,8.0,339.0,129.0,297.0,297.0,177.0,88.0,199.0,351.0,37.0,37.0,174.0,82.0,125.0,92.0,92.0,317.0,65.0,217.0,222.0,206.0,264.0,120.0,349.0,297.0,238.0,119.0,34.0,93.0,256.0,28.0,108.0,176.0,230.0,230.0,121.0,8.0,68.0,8.0,213.0,115.0,200.0,321.0,285.0,215.66666666666663,170.0,170.0,170.0,285.0,70.0,349.0
2018,1,14,12,WIN_D_INST,222.0,190.0,57.0,222.0,190.0,340.0,340.0,340.0,17.0,17.0,17.0,17.0,329.0,329.0,329.0,329.0,95.0,95.0,109.0,109.0,95.0,332.0,332.0,80.0,80.0,191.0,191.0,191.0,169.0,169.0,346.0,88.0,88.0,261.0,221.0,221.0,221.0,221.0,221.0,245.0,245.0,245.0,245.0,245.0,245.0,272.0,272.0,231.0,231.0,99.0,263.0,133.0,94.0,150.0,158.0,158.0,158.0,158.0,158.0,158.0,158.0,158.0,46.0,200.0,46.0,200.0,200.0,298.0,298.0,298.0,120.33333333333331,174.0,298.0,298.0,298.0,46.0,330.0,157.0,157.0,157.0,221.0,264.0,264.0,141.0,141.0,264.0,264.0,66.0,37.0,53.0,34.0,34.0,28.0,23.0,170.0,40.0,40.0,40.0,40.0,235.0,0.0,0.0,26.0,26.0,125.0,125.0,125.0,183.0,183.0,183.0,181.0,181.0,357.0,238.0,238.0,49.0,111.0,167.66666666666666,48.0,209.0,79.0,223.0,51.0,317.0,169.66666666666666,100.0,326.0,326.0,197.0,197.0,197.0,197.0,20.0,20.0,12.0,12.0,323.0,323.0,323.0,196.0,196.0,196.0,196.0,196.0,196.0,196.0,261.0,261.0,261.0,221.0,221.0,221.0,252.0,252.0,252.0,252.0,252.0,193.0,193.0,193.0,256.0,256.0,42.0,48.0,71.0,71.0,113.66666666666669,6.0,50.0,343.0,343.0,25.0,354.0,354.0,329.0,329.0,14.0,14.0,14.0,103.0,8.0,183.0,183.0,307.0,307.0,295.0,253.3333333333333,110.0,299.0,270.0,54.0,54.0,180.3333333333333,180.3333333333333,180.3333333333333,180.3333333333333,357.0,357.0,357.0,65.0,65.0,65.0,119.0,119.0,119.0,188.0,115.0,115.0,115.0,281.0,73.0,73.0,315.0,281.0,281.0,234.0,234.0,234.0,90.0,136.0,177.0,177.0,191.0,101.0,93.0,93.0,93.0,56.0,57.0,57.0,34.0,42.0,42.0,42.0,51.0,51.0,51.0,51.0,59.0,59.0,59.0,59.0,59.0,332.0,332.0,332.0,323.0,307.0,307.0,51.0,201.0,201.0,201.0,224.0,113.0,40.0,113.0,139.0,139.0,94.0,241.0,145.0,270.0,270.0,270.0,297.0,297.0,345.0,345.0,51.0,51.0,337.0,295.0,315.0,315.0,315.0,14.0,307.0,307.0,307.0,184.3333333333333,17.0,17.0,17.0,45.0,45.0,45.0,34.0,34.0,132.0,132.0,132.0,132.0,133.0,133.0,62.0,62.0,79.0,79.0,64.0,341.0,184.0,172.0,317.0,339.0,119.33333333333331,295.0,295.0,120.0,91.0,317.0,220.0,62.0,62.0,96.0,122.0,244.0,126.0,126.0,40.66666666666666,25.0,197.0,190.0,65.0,273.0,174.0,23.0,295.0,261.0,17.0,28.0,321.0,80.0,0.0,113.0,163.0,133.0,133.0,94.0,34.0,37.0,34.0,20.0,354.0,220.0,354.0,92.0,111.0,197.0,197.0,197.0,83.0,53.0,23.0
2018,1,14,15,WIN_D_INST,322.0,97.0,54.0,322.0,97.0,320.0,320.0,320.0,332.0,332.0,332.0,332.0,307.0,307.0,307.0,307.0,54.0,54.0,322.0,322.0,54.0,318.0,318.0,42.0,42.0,340.0,340.0,340.0,180.66666666666663,180.66666666666663,20.0,14.0,14.0,312.0,31.0,31.0,31.0,31.0,31.0,34.0,34.0,34.0,34.0,34.0,34.0,292.0,292.0,187.0,187.0,134.0,160.0,146.66666666666666,312.0,184.0,217.3333333333333,217.3333333333333,217.3333333333333,217.3333333333333,217.3333333333333,217.3333333333333,217.3333333333333,217.3333333333333,33.0,316.0,33.0,316.0,316.0,282.0,282.0,282.0,249.0,200.0,307.0,307.0,307.0,33.0,213.0,306.0,306.0,306.0,324.0,34.0,321.0,135.0,135.0,321.0,321.0,88.0,11.0,73.0,11.0,11.0,300.0,37.0,174.0,53.0,53.0,53.0,53.0,266.0,337.0,337.0,11.0,11.0,182.0,182.0,182.0,357.0,357.0,357.0,230.0,230.0,329.0,244.0,244.0,0.0,150.0,129.0,77.0,94.33333333333331,85.0,228.0,135.0,345.0,110.0,201.0,53.0,53.0,84.0,84.0,84.0,84.0,60.0,60.0,305.0,305.0,283.0,283.0,283.0,286.0,286.0,286.0,286.0,286.0,286.0,286.0,312.0,312.0,312.0,31.0,31.0,31.0,275.0,275.0,275.0,275.0,275.0,235.0,235.0,235.0,11.0,11.0,59.0,328.0,137.0,137.0,217.0,354.0,34.0,309.0,309.0,143.0,273.0,315.0,3.0,3.0,51.0,51.0,51.0,118.0,11.0,169.0,169.0,299.0,299.0,302.0,352.0,101.0,329.0,290.0,215.0,215.0,336.0,336.0,336.0,336.0,317.0,317.0,317.0,84.0,84.0,84.0,65.0,65.0,65.0,225.0,79.0,79.0,79.0,309.0,96.0,96.0,283.0,283.0,283.0,243.0,243.0,243.0,335.0,92.66666666666669,121.0,121.0,158.0,84.0,307.0,307.0,307.0,298.0,34.0,34.0,34.0,202.66666666666663,202.66666666666663,202.66666666666663,71.0,71.0,71.0,71.0,60.0,60.0,60.0,60.0,60.0,260.0,260.0,260.0,230.0,354.0,354.0,99.0,153.0,153.0,153.0,62.0,82.0,26.0,82.0,71.0,71.0,74.0,113.0,145.0,224.0,224.0,224.0,152.0,152.0,351.0,351.0,51.0,51.0,357.0,278.0,133.0,133.0,133.0,11.0,267.0,267.0,267.0,181.0,0.0,0.0,0.0,28.0,28.0,28.0,253.0,253.0,172.0,172.0,172.0,172.0,132.0,132.0,322.0,322.0,295.0,295.0,88.0,251.0,122.0,147.0,236.0,336.0,304.0,302.0,302.0,254.0,85.0,297.0,267.0,51.0,51.0,191.0,315.0,193.0,179.0,179.0,68.0,143.0,84.0,97.0,84.0,259.0,200.0,37.0,302.0,312.0,0.0,128.0,346.0,42.0,337.0,82.0,205.0,146.66666666666666,146.66666666666666,312.0,11.0,11.0,11.0,60.0,273.0,276.0,200.0,189.0,150.0,138.0,138.0,138.0,160.0,73.0,37.0
2018,1,14,18,WIN_D_INST,12.0,211.66666666666663,2.0,12.0,211.66666666666663,17.0,17.0,17.0,328.0,328.0,328.0,328.0,323.0,323.0,323.0,323.0,58.0,58.0,21.0,21.0,58.0,82.0,82.0,17.0,17.0,279.0,279.0,279.0,102.0,102.0,343.0,116.0,116.0,289.0,343.0,343.0,343.0,343.0,343.0,39.0,39.0,39.0,39.0,39.0,39.0,349.0,349.0,86.0,86.0,122.0,108.0,218.66666666666663,104.0,67.0,201.0,201.0,201.0,201.0,201.0,201.0,201.0,201.0,12.0,224.0,12.0,224.0,224.0,332.0,332.0,332.0,214.66666666666663,234.0,302.0,302.0,302.0,12.0,312.0,311.0,311.0,311.0,308.0,6.0,308.0,136.33333333333334,136.33333333333334,308.0,308.0,87.0,234.3333333333333,68.0,270.0,270.0,215.0,273.0,178.0,201.0,201.0,201.0,201.0,200.0,332.0,332.0,198.0,198.0,225.0,225.0,225.0,28.0,28.0,28.0,230.0,230.0,59.0,13.0,13.0,120.33333333333331,156.0,48.0,272.0,71.0,70.0,288.0,146.0,260.0,121.0,46.0,273.0,273.0,28.0,28.0,28.0,28.0,23.0,23.0,0.0,0.0,215.0,215.0,215.0,346.0,346.0,346.0,346.0,346.0,346.0,346.0,289.0,289.0,289.0,343.0,343.0,343.0,278.0,278.0,278.0,278.0,278.0,244.0,244.0,244.0,6.0,6.0,3.0,308.0,37.0,37.0,214.0,20.0,18.0,43.0,43.0,172.0,326.0,6.0,107.0,107.0,323.0,323.0,323.0,117.0,318.0,79.0,79.0,294.0,294.0,262.0,90.0,284.0,17.0,93.0,99.0,99.0,231.0,231.0,231.0,231.0,14.0,14.0,14.0,134.0,134.0,134.0,79.0,79.0,79.0,186.0,239.0,239.0,239.0,281.0,87.0,87.0,207.0,85.0,85.0,243.0,243.0,243.0,8.0,120.0,68.0,68.0,98.0,138.0,103.33333333333331,103.33333333333331,103.33333333333331,48.0,50.0,50.0,14.0,3.0,3.0,3.0,68.0,68.0,68.0,68.0,76.0,76.0,76.0,76.0,76.0,332.0,332.0,332.0,249.0,39.0,39.0,122.0,255.0,255.0,255.0,77.0,77.0,65.0,77.0,119.0,119.0,91.0,275.0,135.0,310.0,310.0,310.0,262.0,262.0,0.0,0.0,37.0,37.0,354.0,267.0,292.0,292.0,292.0,33.333333333333336,48.0,48.0,48.0,154.0,346.0,346.0,346.0,48.0,48.0,48.0,281.0,281.0,158.0,158.0,158.0,158.0,162.0,162.0,317.0,317.0,77.0,77.0,303.0,318.0,26.0,232.66666666666663,214.0,157.0,278.0,262.0,262.0,21.0,319.0,262.0,189.0,340.0,340.0,180.0,266.0,198.0,273.0,273.0,108.0,172.0,28.0,211.66666666666663,134.0,253.0,234.0,273.0,262.0,289.0,346.0,290.0,323.0,17.0,332.0,77.0,161.0,218.66666666666663,218.66666666666663,104.0,270.0,234.3333333333333,270.0,23.0,326.0,204.0,284.0,148.0,156.0,163.0,163.0,163.0,154.0,68.0,273.0
2018,1,14,21,WIN_D_INST,340.0,359.0,267.0,340.0,359.0,9.0,9.0,9.0,219.3333333333333,219.3333333333333,219.3333333333333,219.3333333333333,301.0,301.0,301.0,301.0,22.0,22.0,15.0,15.0,22.0,72.0,72.0,24.0,24.0,47.0,47.0,47.0,54.0,54.0,37.0,62.0,62.0,179.0,329.0,329.0,329.0,329.0,329.0,37.0,37.0,37.0,37.0,37.0,37.0,332.0,332.0,85.0,85.0,82.0,89.0,163.66666666666666,300.0,37.0,181.0,181.0,181.0,181.0,181.0,181.0,181.0,181.0,319.0,37.0,319.0,37.0,37.0,337.0,337.0,337.0,310.0,174.0,313.0,313.0,313.0,319.0,135.0,343.0,343.0,343.0,306.0,21.0,296.0,132.0,132.0,296.0,296.0,81.0,235.0,158.0,242.0,242.0,346.0,65.0,139.0,98.0,98.0,98.0,98.0,225.0,300.0,300.0,82.0,82.0,206.0,206.0,206.0,70.0,70.0,70.0,6.0,6.0,357.0,4.0,4.0,69.0,94.0,104.0,289.0,31.0,92.0,243.0,115.0,222.0,323.0,75.0,17.0,17.0,25.0,25.0,25.0,25.0,54.0,54.0,38.0,38.0,238.0,238.0,238.0,0.0,0.0,0.0,0.0,0.0,0.0,0.0,179.0,179.0,179.0,329.0,329.0,329.0,238.0,238.0,238.0,238.0,238.0,272.0,272.0,272.0,17.0,17.0,39.0,329.0,163.33333333333334,163.33333333333334,282.3333333333333,34.0,193.0,315.0,315.0,20.0,301.0,107.0,335.0,335.0,20.0,20.0,20.0,133.0,329.0,98.0,98.0,261.0,261.0,261.0,293.0,3.0,292.0,98.0,188.0,188.0,273.0,273.0,273.0,273.0,298.0,298.0,298.0,48.0,48.0,48.0,26.0,26.0,26.0,121.0,217.0,217.0,217.0,264.0,107.0,107.0,167.0,65.0,65.0,239.0,239.0,239.0,228.0,102.33333333333331,68.0,68.0,135.0,20.0,166.0,166.0,166.0,118.0,79.0,79.0,45.0,109.0,109.0,109.0,74.0,74.0,74.0,74.0,101.0,101.0,101.0,101.0,101.0,340.0,340.0,340.0,289.0,0.0,0.0,94.0,258.0,258.0,258.0,9.0,77.0,79.0,77.0,343.0,343.0,85.0,179.0,135.0,165.0,165.0,165.0,73.0,73.0,0.0,0.0,74.0,74.0,346.0,349.0,281.0,281.0,281.0,60.0,141.66666666666666,141.66666666666666,141.66666666666666,94.0,187.0,187.0,187.0,51.0,51.0,51.0,319.6666666666667,319.6666666666667,152.0,152.0,152.0,152.0,123.0,123.0,259.0,259.0,62.0,62.0,320.0,8.0,82.0,266.0,92.0,249.0,293.0,261.0,261.0,60.0,187.0,261.0,340.0,238.0,238.0,281.0,295.0,357.0,78.0,78.0,68.0,20.0,25.0,359.0,48.0,270.0,174.0,65.0,261.0,179.0,187.0,260.6666666666667,323.0,24.0,300.0,77.0,118.0,163.66666666666666,163.66666666666666,300.0,242.0,235.0,242.0,54.0,301.0,221.0,236.0,111.0,94.0,197.0,197.0,197.0,145.66666666666666,158.0,65.0
2018,1,15,0,WIN_D_INST,359.0,345.0,291.0,359.0,345.0,99.0,99.0,99.0,255.0,255.0,255.0,255.0,332.0,332.0,332.0,332.0,40.0,40.0,27.0,27.0,40.0,349.0,349.0,0.0,0.0,82.0,82.0,82.0,53.0,53.0,343.0,88.66666666666667,88.66666666666667,125.0,198.0,198.0,198.0,198.0,198.0,51.0,51.0,51.0,51.0,51.0,51.0,11.0,11.0,54.0,54.0,100.33333333333331,83.0,122.66666666666669,100.0,351.0,224.0,224.0,224.0,224.0,224.0,224.0,224.0,224.0,136.33333333333334,221.3333333333333,136.33333333333334,221.3333333333333,221.3333333333333,22.0,22.0,22.0,218.0,130.66666666666666,315.0,315.0,315.0,136.33333333333334,204.0,326.0,326.0,326.0,24.0,25.0,247.66666666666663,128.0,128.0,247.66666666666663,247.66666666666663,87.0,337.0,37.0,62.0,62.0,286.0,14.0,169.0,90.0,90.0,90.0,90.0,222.0,45.0,45.0,116.0,116.0,205.0,205.0,205.0,98.0,98.0,98.0,43.0,43.0,76.0,6.0,6.0,42.0,60.0,90.0,153.0,54.0,140.0,358.0,158.0,205.0,323.0,75.0,315.0,315.0,343.0,343.0,343.0,343.0,156.0,156.0,288.0,288.0,224.0,224.0,224.0,340.0,340.0,340.0,340.0,340.0,340.0,340.0,125.0,125.0,125.0,198.0,198.0,198.0,159.0,159.0,159.0,159.0,159.0,275.0,275.0,275.0,17.0,17.0,42.0,271.0,283.0,283.0,191.0,65.0,200.0,295.0,295.0,175.66666666666666,138.0,223.3333333333333,76.0,76.0,11.0,11.0,11.0,119.0,0.0,233.0,233.0,242.0,242.0,275.0,326.0,65.0,52.0,143.0,272.0,272.0,253.0,253.0,253.0,253.0,334.0,334.0,334.0,107.0,107.0,107.0,26.0,26.0,26.0,93.0,87.0,87.0,87.0,261.0,270.0,270.0,159.0,130.0,130.0,236.0,236.0,236.0,248.0,99.33333333333331,53.0,53.0,79.0,70.0,34.0,34.0,34.0,104.0,68.0,68.0,107.0,251.0,251.0,251.0,68.0,68.0,68.0,68.0,110.0,110.0,110.0,110.0,110.0,351.0,351.0,351.0,247.0,349.0,349.0,77.0,247.0,247.0,247.0,351.0,79.0,62.0,79.0,102.0,102.0,9.0,200.66666666666663,137.0,185.0,185.0,185.0,292.0,292.0,0.0,0.0,102.0,102.0,3.0,48.0,139.0,139.0,139.0,17.0,217.3333333333333,217.3333333333333,217.3333333333333,83.33333333333333,111.0,111.0,111.0,54.0,54.0,54.0,357.0,357.0,129.0,129.0,129.0,129.0,154.0,154.0,305.0,305.0,249.0,249.0,106.0,0.0,99.0,82.0,162.0,176.0,143.0,275.0,275.0,274.0,67.0,354.0,193.0,224.0,224.0,228.0,332.0,349.0,225.0,225.0,77.0,175.66666666666666,343.0,345.0,107.0,211.0,130.66666666666666,14.0,275.0,125.0,111.0,192.0,315.0,0.0,45.0,79.0,64.0,122.66666666666669,122.66666666666669,100.0,62.0,337.0,62.0,156.0,138.0,221.0,143.0,111.0,60.0,202.0,202.0,202.0,98.0,37.0,14.0
2018,1,15,3,WIN_D_INST,38.0,39.0,51.0,38.0,39.0,116.0,116.0,116.0,108.0,108.0,108.0,108.0,359.0,359.0,359.0,359.0,44.0,44.0,56.0,56.0,44.0,16.0,16.0,79.0,79.0,116.0,116.0,116.0,69.0,69.0,351.0,215.0,215.0,136.0,77.0,77.0,77.0,77.0,77.0,17.0,17.0,17.0,17.0,17.0,17.0,136.0,136.0,70.0,70.0,55.0,95.0,78.0,112.0,34.0,179.0,179.0,179.0,179.0,179.0,179.0,179.0,179.0,202.0,128.0,202.0,128.0,128.0,55.0,55.0,55.0,95.0,238.0,0.0,0.0,0.0,202.0,95.0,286.0,286.0,286.0,77.0,80.0,339.0,116.0,116.0,339.0,339.0,73.0,351.0,93.0,332.0,332.0,99.0,357.0,170.0,133.0,133.0,133.0,133.0,292.0,252.0,252.0,173.0,173.0,235.0,235.0,235.0,76.0,76.0,76.0,20.0,20.0,155.0,80.0,80.0,72.0,94.0,146.0,122.0,70.0,138.0,32.0,158.0,90.0,231.0,54.0,158.0,158.0,217.0,217.0,217.0,217.0,215.0,215.0,6.0,6.0,11.0,11.0,11.0,99.0,99.0,99.0,99.0,99.0,99.0,99.0,136.0,136.0,136.0,77.0,77.0,77.0,170.0,170.0,170.0,170.0,170.0,255.0,255.0,255.0,31.0,31.0,79.0,264.0,37.0,37.0,177.0,68.0,46.0,281.0,281.0,278.0,113.0,17.0,352.0,352.0,17.0,17.0,17.0,105.0,122.66666666666669,287.0,287.0,279.0,279.0,13.0,8.0,323.0,69.0,135.0,105.0,105.0,157.0,157.0,157.0,157.0,113.0,113.0,113.0,98.0,98.0,98.0,252.0,252.0,252.0,56.0,253.0,253.0,253.0,261.0,236.0,236.0,247.0,190.0,190.0,236.0,236.0,236.0,248.0,82.0,76.0,76.0,323.0,70.0,301.0,301.0,301.0,34.0,87.0,87.0,20.0,301.0,301.0,301.0,85.0,85.0,85.0,85.0,316.0,316.0,316.0,316.0,316.0,3.0,3.0,3.0,275.0,354.0,354.0,116.0,326.0,326.0,326.0,125.0,82.0,65.0,82.0,122.0,122.0,130.0,261.0,121.0,192.0,192.0,192.0,261.0,261.0,153.0,153.0,57.0,57.0,357.0,70.0,116.0,116.0,116.0,62.0,178.33333333333334,178.33333333333334,178.33333333333334,349.0,31.0,31.0,31.0,45.0,45.0,45.0,70.0,70.0,135.0,135.0,135.0,135.0,145.0,145.0,259.0,259.0,65.0,65.0,304.0,73.0,51.0,78.33333333333333,75.0,103.0,352.0,13.0,13.0,53.0,71.0,194.0,46.0,286.0,286.0,298.0,286.0,349.0,134.0,134.0,57.0,278.0,217.0,39.0,98.0,225.0,238.0,357.0,13.0,136.0,31.0,18.0,332.0,79.0,252.0,82.0,86.0,78.0,78.0,112.0,332.0,351.0,332.0,215.0,113.0,68.0,37.0,130.0,94.0,187.0,187.0,187.0,74.0,93.0,357.0
2018,1,15,6,WIN_D_INST,359.0,354.0,90.0,359.0,354.0,156.0,156.0,156.0,131.0,131.0,131.0,131.0,7.0,7.0,7.0,7.0,41.0,41.0,114.0,114.0,41.0,88.0,88.0,69.0,69.0,132.0,132.0,132.0,319.0,319.0,213.0,249.0,249.0,128.0,68.0,68.0,68.0,68.0,68.0,352.0,352.0,352.0,352.0,352.0,352.0,315.0,315.0,52.0,52.0,140.0,100.0,135.0,108.0,104.0,62.0,62.0,62.0,62.0,62.0,62.0,62.0,62.0,61.0,70.0,61.0,70.0,70.0,183.0,183.0,183.0,107.0,106.0,53.0,53.0,53.0,61.0,49.0,130.0,130.0,130.0,113.0,104.0,114.0,356.0,356.0,114.0,114.0,100.0,45.0,68.0,3.0,3.0,9.0,11.0,190.0,254.0,254.0,254.0,254.0,342.0,119.0,119.0,289.0,289.0,294.0,294.0,294.0,39.0,39.0,39.0,60.0,60.0,118.0,133.0,133.0,97.0,122.0,124.0,128.0,115.0,133.0,51.0,172.0,141.0,115.0,35.0,267.0,267.0,290.0,290.0,290.0,290.0,312.0,312.0,107.0,107.0,128.0,128.0,128.0,54.0,54.0,54.0,54.0,54.0,54.0,54.0,128.0,128.0,128.0,68.0,68.0,68.0,176.0,176.0,176.0,176.0,176.0,298.0,298.0,298.0,352.0,352.0,48.0,140.0,37.0,37.0,207.3333333333333,115.0,71.0,272.0,272.0,219.0,56.0,357.0,20.0,20.0,20.0,20.0,20.0,82.0,205.0,205.0,205.0,21.0,21.0,72.0,298.0,0.0,222.0,84.0,102.0,102.0,282.0,282.0,282.0,282.0,258.0,258.0,258.0,203.0,203.0,203.0,190.0,190.0,190.0,338.0,295.0,295.0,295.0,179.0,214.0,214.0,244.0,184.0,184.0,280.0,280.0,280.0,231.0,101.0,68.0,68.0,340.0,98.0,166.0,166.0,166.0,76.0,79.0,79.0,160.0,303.0,303.0,303.0,14.0,14.0,14.0,14.0,41.0,41.0,41.0,41.0,41.0,9.0,9.0,9.0,346.0,17.0,17.0,79.0,346.0,346.0,346.0,62.0,37.0,139.0,37.0,105.0,105.0,34.0,51.0,118.0,175.0,175.0,175.0,84.0,84.0,9.0,9.0,111.0,111.0,122.0,115.0,62.0,62.0,62.0,48.0,262.0,262.0,262.0,303.0,232.0,232.0,232.0,48.0,48.0,48.0,20.0,20.0,132.0,132.0,132.0,132.0,118.0,118.0,215.0,215.0,14.0,14.0,147.0,170.0,329.0,335.0,136.0,174.0,309.0,72.0,72.0,123.0,71.0,118.0,359.0,283.0,283.0,338.0,309.0,332.0,299.0,299.0,34.0,219.0,290.0,354.0,203.0,127.0,106.0,11.0,72.0,128.0,232.0,65.0,307.0,69.0,119.0,37.0,141.0,135.0,135.0,108.0,3.0,45.0,3.0,312.0,56.0,78.0,172.0,139.0,122.0,191.0,191.0,191.0,274.0,68.0,11.0
2018,1,15,9,WIN_D_INST,91.0,109.0,95.0,91.0,109.0,139.0,139.0,139.0,162.0,162.0,162.0,162.0,139.0,139.0,139.0,139.0,44.0,44.0,117.0,117.0,44.0,109.0,109.0,162.0,162.0,102.0,102.0,102.0,124.0,124.0,150.0,283.0,283.0,351.0,54.0,54.0,54.0,54.0,54.0,129.0,129.0,129.0,129.0,129.0,129.0,196.66666666666663,196.66666666666663,13.0,13.0,111.0,122.0,100.0,101.0,86.0,116.0,116.0,116.0,116.0,116.0,116.0,116.0,116.0,52.0,162.0,52.0,162.0,162.0,112.0,112.0,112.0,87.0,97.0,46.0,46.0,46.0,52.0,224.0,123.0,123.0,123.0,141.0,93.0,132.0,84.0,84.0,132.0,132.0,77.0,182.3333333333333,270.0,225.0,225.0,309.0,335.0,196.0,22.0,22.0,22.0,22.0,73.0,94.0,94.0,278.0,278.0,265.0,265.0,265.0,163.0,163.0,163.0,349.0,349.0,214.0,133.0,133.0,90.0,102.0,135.0,79.0,73.0,119.0,30.0,110.0,107.0,96.0,74.0,323.0,323.0,197.0,197.0,197.0,197.0,258.0,258.0,87.0,87.0,193.0,193.0,193.0,20.0,20.0,20.0,20.0,20.0,20.0,20.0,351.0,351.0,351.0,54.0,54.0,54.0,193.0,193.0,193.0,193.0,193.0,235.0,235.0,235.0,183.0,183.0,67.33333333333333,180.0,40.0,40.0,156.0,174.0,59.0,173.0,173.0,84.0,323.0,281.0,352.0,352.0,14.0,14.0,14.0,63.0,177.0,39.0,39.0,326.0,326.0,97.0,307.0,315.0,253.0,121.0,31.0,31.0,169.0,169.0,169.0,169.0,283.0,283.0,283.0,223.0,223.0,223.0,272.0,272.0,272.0,129.0,304.0,304.0,304.0,105.0,250.0,250.0,150.0,156.0,156.0,286.0,286.0,286.0,121.0,104.0,65.0,65.0,17.0,11.0,132.0,132.0,132.0,70.0,63.0,63.0,110.0,60.0,60.0,60.0,51.0,51.0,51.0,51.0,29.0,29.0,29.0,29.0,29.0,17.0,17.0,17.0,205.3333333333333,25.0,25.0,88.0,351.0,351.0,351.0,119.0,82.0,295.0,82.0,176.0,176.0,129.33333333333334,79.0,11.0,300.0,300.0,300.0,94.0,94.0,198.0,198.0,99.0,99.0,213.0,53.0,91.0,91.0,91.0,312.0,307.0,307.0,307.0,281.0,137.0,137.0,137.0,11.0,11.0,11.0,323.0,323.0,143.0,143.0,143.0,143.0,133.0,133.0,249.0,249.0,68.0,68.0,113.0,130.0,170.0,348.0,92.0,165.0,0.0,97.0,97.0,137.0,64.0,12.0,16.0,278.0,278.0,323.0,337.0,332.0,280.0,280.0,17.0,84.0,197.0,109.0,223.0,160.0,97.0,335.0,97.0,351.0,137.0,45.0,228.0,162.0,94.0,82.0,95.0,100.0,100.0,101.0,225.0,182.3333333333333,225.0,258.0,323.0,83.0,183.0,305.0,102.0,138.0,138.0,138.0,6.0,270.0,335.0
2018,1,15,12,WIN_D_INST,300.0,153.66666666666666,43.0,300.0,153.66666666666666,108.0,108.0,108.0,104.0,104.0,104.0,104.0,79.0,79.0,79.0,79.0,316.0,316.0,295.0,295.0,316.0,171.0,171.0,86.0,86.0,350.0,350.0,350.0,201.0,201.0,136.0,17.0,17.0,142.0,96.0,96.0,96.0,96.0,96.0,239.0,239.0,239.0,239.0,239.0,239.0,162.0,162.0,66.0,66.0,102.0,30.0,91.0,76.0,106.0,317.0,317.0,317.0,317.0,317.0,317.0,317.0,317.0,83.0,57.0,83.0,57.0,57.0,303.0,303.0,303.0,73.0,77.0,88.0,88.0,88.0,83.0,0.0,92.0,92.0,92.0,124.0,83.0,318.0,147.0,147.0,318.0,318.0,87.0,295.0,267.0,248.0,248.0,326.0,298.0,119.66666666666669,189.66666666666663,189.66666666666663,189.66666666666663,189.66666666666663,98.0,91.0,91.0,306.0,306.0,286.0,286.0,286.0,152.0,152.0,152.0,14.0,14.0,141.0,100.0,100.0,89.0,105.0,82.0,91.0,54.0,115.0,220.0,158.0,144.0,183.0,110.0,259.0,259.0,208.0,208.0,208.0,208.0,244.0,244.0,21.0,21.0,244.0,244.0,244.0,111.0,111.0,111.0,111.0,111.0,111.0,111.0,142.0,142.0,142.0,96.0,96.0,96.0,111.0,111.0,111.0,111.0,111.0,147.0,147.0,147.0,228.0,228.0,217.0,171.0,40.0,40.0,139.33333333333334,79.0,60.0,6.0,6.0,158.0,343.0,290.0,295.0,295.0,85.0,85.0,85.0,341.0,340.0,174.0,174.0,243.0,243.0,59.0,11.0,8.0,342.0,65.0,351.0,351.0,61.0,61.0,61.0,61.0,258.0,258.0,258.0,112.0,112.0,112.0,269.0,269.0,269.0,132.0,323.0,323.0,323.0,153.0,262.0,262.0,122.0,153.0,153.0,210.0,210.0,210.0,228.0,23.0,70.0,70.0,326.0,340.0,59.0,59.0,59.0,73.0,42.0,42.0,37.0,177.33333333333334,177.33333333333334,177.33333333333334,26.0,26.0,26.0,26.0,12.0,12.0,12.0,12.0,12.0,31.0,31.0,31.0,207.0,304.0,304.0,315.0,326.0,326.0,326.0,295.0,289.0,34.0,289.0,289.0,289.0,142.0,102.0,249.0,342.0,342.0,342.0,55.0,55.0,0.0,0.0,85.0,85.0,300.0,98.0,54.0,54.0,54.0,210.0,312.0,312.0,312.0,300.0,298.0,298.0,298.0,105.0,105.0,105.0,326.0,326.0,152.0,152.0,152.0,152.0,104.0,104.0,332.0,332.0,20.0,20.0,76.0,30.0,224.0,237.0,119.0,181.0,307.0,59.0,59.0,4.0,95.0,343.0,358.0,306.0,306.0,329.0,269.0,300.0,139.0,139.0,88.0,158.0,208.0,153.66666666666666,112.0,158.0,77.0,298.0,59.0,142.0,298.0,342.0,143.0,86.0,91.0,289.0,93.0,91.0,91.0,76.0,248.0,295.0,248.0,244.0,343.0,239.0,186.0,130.0,105.0,83.0,83.0,83.0,125.0,267.0,298.0
2018,1,15,15,WIN_D_INST,273.0,265.6666666666667,309.0,273.0,265.6666666666667,357.0,357.0,357.0,333.0,333.0,333.0,333.0,337.0,337.0,337.0,337.0,198.0,198.0,272.0,272.0,198.0,237.0,237.0,21.0,21.0,246.3333333333333,246.3333333333333,246.3333333333333,344.0,344.0,74.0,349.0,349.0,125.0,272.0,272.0,272.0,272.0,272.0,152.0,152.0,152.0,152.0,152.0,152.0,130.0,130.0,121.0,121.0,78.0,93.0,143.0,122.0,118.0,45.0,45.0,45.0,45.0,45.0,45.0,45.0,45.0,27.0,318.0,27.0,318.0,318.0,239.0,239.0,239.0,165.33333333333334,96.0,257.0,257.0,257.0,27.0,15.0,128.0,128.0,128.0,135.0,13.0,170.0,126.0,126.0,170.0,170.0,120.0,266.0,267.0,253.0,253.0,60.0,262.0,353.0,76.0,76.0,76.0,76.0,284.0,94.0,94.0,272.0,272.0,301.0,301.0,301.0,225.0,225.0,225.0,34.0,34.0,242.0,7.0,7.0,313.0,303.0,160.0,113.0,59.0,93.0,208.0,169.0,145.0,42.0,250.0,281.0,281.0,143.0,143.0,143.0,143.0,323.0,323.0,311.0,311.0,213.0,213.0,213.0,204.0,204.0,204.0,204.0,204.0,204.0,204.0,125.0,125.0,125.0,272.0,272.0,272.0,91.0,91.0,91.0,91.0,91.0,94.0,94.0,94.0,250.0,250.0,233.0,335.0,337.0,337.0,175.33333333333334,93.0,29.0,269.0,269.0,129.0,354.0,233.0,186.0,186.0,62.0,62.0,62.0,322.0,352.0,121.0,121.0,266.0,266.0,254.0,236.0,149.0,225.3333333333333,96.0,258.0,258.0,169.0,169.0,169.0,169.0,300.0,300.0,300.0,239.0,239.0,239.0,300.0,300.0,300.0,208.0,127.0,127.0,127.0,128.0,256.0,256.0,201.0,43.0,43.0,184.0,184.0,184.0,259.0,155.0,31.0,31.0,177.0,349.0,262.0,262.0,262.0,82.0,62.0,62.0,3.0,273.0,273.0,273.0,77.0,77.0,77.0,77.0,4.0,4.0,4.0,4.0,4.0,20.0,20.0,20.0,230.0,197.0,197.0,230.0,315.0,315.0,315.0,292.0,275.0,60.0,275.0,229.66666666666663,229.66666666666663,11.0,241.0,301.0,73.0,73.0,73.0,61.0,61.0,0.0,0.0,37.0,37.0,91.0,87.33333333333333,77.0,77.0,77.0,343.0,278.0,278.0,278.0,269.0,289.0,289.0,289.0,235.0,235.0,235.0,318.0,318.0,169.0,169.0,169.0,169.0,119.0,119.0,276.0,276.0,65.0,65.0,81.0,357.0,133.0,236.0,156.0,189.0,343.0,254.0,254.0,353.0,133.0,202.0,226.0,252.0,252.0,250.0,218.0,281.0,262.0,262.0,326.0,129.0,143.0,265.6666666666667,239.0,101.0,96.0,262.0,254.0,125.0,289.0,340.0,11.0,21.0,94.0,275.0,131.0,143.0,143.0,122.0,253.0,266.0,253.0,323.0,354.0,176.0,248.0,159.33333333333334,303.0,46.0,46.0,46.0,142.0,267.0,262.0
2018,1,15,18,WIN_D_INST,249.0,99.0,217.0,249.0,99.0,354.0,354.0,354.0,318.0,318.0,318.0,318.0,326.0,326.0,326.0,326.0,40.0,40.0,38.0,38.0,40.0,223.0,223.0,44.0,44.0,317.0,317.0,317.0,354.0,354.0,326.0,164.0,164.0,232.0,196.0,196.0,196.0,196.0,196.0,135.0,135.0,135.0,135.0,135.0,135.0,3.0,3.0,338.0,338.0,139.0,114.0,158.0,113.0,119.0,249.0,249.0,249.0,249.0,249.0,249.0,249.0,249.0,154.0,132.33333333333334,154.0,132.33333333333334,132.33333333333334,150.66666666666666,150.66666666666666,150.66666666666666,218.0,126.0,309.0,309.0,309.0,154.0,344.0,78.0,78.0,78.0,329.0,349.0,327.0,113.0,113.0,327.0,327.0,96.0,181.0,259.0,264.0,264.0,235.0,219.0,348.0,74.33333333333333,74.33333333333333,74.33333333333333,74.33333333333333,280.0,326.0,326.0,235.0,235.0,290.0,290.0,290.0,253.0,253.0,253.0,278.0,278.0,219.0,353.0,353.0,74.0,295.0,51.0,9.0,17.0,326.0,213.0,146.0,147.0,3.0,111.0,222.0,222.0,34.0,34.0,34.0,34.0,130.0,130.0,243.0,243.0,272.0,272.0,272.0,221.0,221.0,221.0,221.0,221.0,221.0,221.0,232.0,232.0,232.0,196.0,196.0,196.0,91.0,91.0,91.0,91.0,91.0,286.0,286.0,286.0,267.0,267.0,273.0,351.0,315.0,315.0,209.0,124.0,196.0,198.0,198.0,163.0,278.0,326.0,84.0,84.0,125.0,125.0,125.0,308.0,23.0,188.0,188.0,245.0,245.0,132.0,235.3333333333333,208.0,67.0,208.0,266.0,266.0,61.0,61.0,61.0,61.0,264.0,264.0,264.0,249.0,249.0,249.0,329.0,329.0,329.0,315.0,135.0,135.0,135.0,201.0,141.0,141.0,235.0,159.0,159.0,74.0,74.0,74.0,205.0,326.0,68.0,68.0,0.0,278.0,124.0,124.0,124.0,104.0,169.33333333333334,169.33333333333334,158.33333333333334,272.0,272.0,272.0,261.0,261.0,261.0,261.0,17.0,17.0,17.0,17.0,17.0,31.0,31.0,31.0,17.0,48.0,48.0,232.0,337.0,337.0,337.0,315.0,312.0,11.0,312.0,204.0,204.0,130.0,204.0,262.0,203.0,203.0,203.0,40.0,40.0,0.0,0.0,37.0,37.0,94.0,56.0,329.0,329.0,329.0,173.0,48.0,48.0,48.0,320.0,215.0,215.0,215.0,85.0,85.0,85.0,239.0,239.0,146.0,146.0,146.0,146.0,330.0,330.0,278.0,278.0,351.0,351.0,262.0,94.0,209.66666666666663,202.0,112.0,161.0,270.0,132.0,132.0,287.0,80.0,28.0,194.0,249.0,249.0,326.0,68.0,139.0,289.0,289.0,320.0,163.0,34.0,99.0,249.0,98.0,126.0,219.0,132.0,232.0,215.0,199.66666666666663,124.0,44.0,326.0,312.0,151.0,158.0,158.0,113.0,264.0,181.0,264.0,130.0,278.0,203.0,203.0,116.0,295.0,52.0,52.0,52.0,207.0,259.0,219.0
2018,1,15,21,WIN_D_INST,150.0,106.0,46.0,150.0,106.0,340.0,340.0,340.0,359.0,359.0,359.0,359.0,313.0,313.0,313.0,313.0,221.0,221.0,287.0,287.0,221.0,333.0,333.0,249.0,249.0,306.0,306.0,306.0,24.0,24.0,332.0,159.0,159.0,283.0,312.0,312.0,312.0,312.0,312.0,113.0,113.0,113.0,113.0,113.0,113.0,329.0,329.0,10.0,10.0,144.0,331.0,193.66666666666663,25.0,60.0,204.0,204.0,204.0,204.0,204.0,204.0,204.0,204.0,234.0,156.0,234.0,156.0,156.0,42.0,42.0,42.0,183.0,180.0,232.66666666666663,232.66666666666663,232.66666666666663,234.0,0.0,319.0,319.0,319.0,307.0,246.0,310.0,58.333333333333336,58.333333333333336,310.0,310.0,107.0,193.0,262.0,236.0,236.0,215.0,231.0,349.0,21.0,21.0,21.0,21.0,204.0,215.0,215.0,357.0,357.0,182.0,182.0,182.0,205.0,205.0,205.0,14.0,14.0,242.0,25.0,25.0,30.0,292.0,23.0,0.0,22.0,298.0,221.0,329.0,138.0,349.0,39.0,307.0,307.0,70.0,70.0,70.0,70.0,51.0,51.0,262.0,262.0,300.0,300.0,300.0,210.0,210.0,210.0,210.0,210.0,210.0,210.0,283.0,283.0,283.0,312.0,312.0,312.0,94.0,94.0,94.0,94.0,94.0,205.66666666666663,205.66666666666663,205.66666666666663,214.0,214.0,259.0,348.0,300.0,300.0,147.0,177.0,226.0,153.0,153.0,191.0,318.0,183.0,160.0,160.0,176.0,176.0,176.0,338.0,343.0,183.0,183.0,253.0,253.0,17.0,287.0,127.0,335.0,298.0,278.0,278.0,19.0,19.0,19.0,19.0,357.0,357.0,357.0,274.0,274.0,274.0,210.0,210.0,210.0,200.0,188.0,188.0,188.0,286.0,121.0,121.0,244.0,215.0,215.0,182.0,182.0,182.0,290.0,276.0,290.0,290.0,169.0,222.0,166.0,166.0,166.0,115.0,51.0,51.0,189.3333333333333,190.0,190.0,190.0,141.66666666666666,141.66666666666666,141.66666666666666,141.66666666666666,274.0,274.0,274.0,274.0,274.0,351.0,351.0,351.0,315.0,346.0,346.0,71.0,147.0,147.0,147.0,34.0,343.0,23.0,343.0,315.0,315.0,34.0,224.0,282.0,283.0,283.0,283.0,69.0,69.0,152.0,152.0,65.0,65.0,65.0,53.0,28.0,28.0,28.0,204.0,70.0,70.0,70.0,133.0,261.0,261.0,261.0,207.0,207.0,207.0,253.0,253.0,287.0,287.0,287.0,287.0,0.0,0.0,248.0,248.0,11.0,11.0,98.0,132.0,43.0,201.0,159.0,171.0,8.0,17.0,17.0,265.0,164.0,315.0,48.0,128.66666666666666,128.66666666666666,79.0,79.0,68.0,270.0,270.0,167.0,191.0,70.0,106.0,274.0,98.0,180.0,231.0,17.0,283.0,261.0,242.0,98.0,249.0,215.0,343.0,110.0,193.66666666666663,193.66666666666663,25.0,236.0,193.0,236.0,51.0,318.0,214.0,278.0,351.0,292.0,19.0,19.0,19.0,223.0,262.0,231.0
2018,1,16,0,WIN_D_INST,242.0,230.0,288.0,242.0,230.0,272.0,272.0,272.0,332.0,332.0,332.0,332.0,322.0,322.0,322.0,322.0,283.0,283.0,261.0,261.0,283.0,35.0,35.0,268.0,268.0,302.0,302.0,302.0,45.0,45.0,247.0,102.0,102.0,278.0,283.0,283.0,283.0,283.0,283.0,338.0,338.0,338.0,338.0,338.0,338.0,315.0,315.0,22.0,22.0,344.0,213.0,305.0,204.0,359.0,207.0,207.0,207.0,207.0,207.0,207.0,207.0,207.0,228.3333333333333,322.0,228.3333333333333,322.0,322.0,344.0,344.0,344.0,173.0,131.0,253.0,253.0,253.0,228.3333333333333,25.0,329.0,329.0,329.0,306.0,284.0,322.0,126.0,126.0,322.0,322.0,83.0,196.0,245.0,231.0,231.0,193.0,174.0,356.0,127.0,127.0,127.0,127.0,249.0,235.0,235.0,147.0,147.0,206.0,206.0,206.0,242.0,242.0,242.0,48.0,48.0,281.0,17.0,17.0,35.0,292.0,31.0,357.0,127.0,81.0,271.0,309.0,309.0,28.0,54.0,31.0,31.0,93.0,93.0,93.0,93.0,150.0,150.0,227.0,227.0,300.0,300.0,300.0,346.0,346.0,346.0,346.0,346.0,346.0,346.0,278.0,278.0,278.0,283.0,283.0,283.0,88.0,88.0,88.0,88.0,88.0,269.0,269.0,269.0,245.0,245.0,62.0,317.6666666666667,317.0,317.0,305.3333333333333,166.0,212.0,20.0,20.0,295.0,295.0,253.0,124.0,124.0,198.0,198.0,198.0,327.0,349.0,135.0,135.0,259.0,259.0,286.0,343.0,143.0,79.0,284.0,105.0,105.0,181.0,181.0,181.0,181.0,357.0,357.0,357.0,70.0,70.0,70.0,6.0,6.0,6.0,183.0,228.0,228.0,228.0,334.0,101.0,101.0,224.0,204.0,204.0,248.0,248.0,248.0,250.0,152.0,194.0,194.0,222.0,248.0,3.0,3.0,3.0,219.0,139.33333333333334,139.33333333333334,170.66666666666666,266.0,266.0,266.0,264.0,264.0,264.0,264.0,215.0,215.0,215.0,215.0,215.0,0.0,0.0,0.0,278.0,0.0,0.0,40.0,213.0,213.0,213.0,238.0,303.0,3.0,303.0,312.0,312.0,136.0,255.0,309.0,246.0,246.0,246.0,156.0,156.0,345.0,345.0,54.0,54.0,68.0,59.0,281.0,281.0,281.0,232.0,113.0,113.0,113.0,111.0,204.0,204.0,204.0,238.0,238.0,238.0,225.0,225.0,357.0,357.0,357.0,357.0,304.0,304.0,157.0,157.0,292.0,292.0,90.0,333.0,85.0,220.0,143.0,173.0,281.0,286.0,286.0,305.0,243.0,316.0,259.0,269.0,269.0,332.0,62.0,176.0,319.0,319.0,74.0,295.0,93.0,230.0,70.0,11.0,131.0,174.0,286.0,278.0,204.0,246.0,301.0,268.0,235.0,303.0,51.0,305.0,305.0,204.0,231.0,196.0,231.0,150.0,295.0,277.0,39.0,3.0,292.0,10.0,10.0,10.0,355.0,245.0,174.0
2018,1,16,3,WIN_D_INST,193.0,212.0,128.0,193.0,212.0,0.0,0.0,0.0,346.0,346.0,346.0,346.0,320.0,320.0,320.0,320.0,182.0,182.0,106.0,106.0,182.0,225.0,225.0,45.0,45.0,22.0,22.0,22.0,79.0,79.0,187.0,105.0,105.0,349.0,14.0,14.0,14.0,14.0,14.0,352.0,352.0,352.0,352.0,352.0,352.0,0.0,0.0,312.0,312.0,272.0,260.0,287.0,7.0,320.0,231.66666666666663,231.66666666666663,231.66666666666663,231.66666666666663,231.66666666666663,231.66666666666663,231.66666666666663,231.66666666666663,173.0,149.0,173.0,149.0,149.0,30.0,30.0,30.0,68.0,273.0,276.0,276.0,276.0,173.0,215.0,341.0,341.0,341.0,321.0,316.0,108.0,323.0,323.0,108.0,108.0,71.0,145.0,236.0,273.0,273.0,218.0,228.0,325.0,100.0,100.0,100.0,100.0,85.0,105.0,105.0,113.0,113.0,212.0,212.0,212.0,20.0,20.0,20.0,88.0,88.0,318.0,34.0,34.0,58.0,99.0,194.0,196.0,307.0,281.0,305.0,3.0,336.0,346.0,78.0,264.0,264.0,267.0,267.0,267.0,267.0,150.0,150.0,244.0,244.0,306.0,306.0,306.0,292.0,292.0,292.0,292.0,292.0,292.0,292.0,349.0,349.0,349.0,14.0,14.0,14.0,116.0,116.0,116.0,116.0,116.0,281.0,281.0,281.0,65.0,65.0,121.0,336.0,295.0,295.0,154.0,34.0,48.0,249.0,249.0,312.0,245.0,197.0,197.0,197.0,215.0,215.0,215.0,289.0,143.0,79.0,79.0,253.0,253.0,316.0,169.0,155.0,181.0,87.0,102.0,102.0,307.0,307.0,307.0,307.0,244.0,244.0,244.0,239.0,239.0,239.0,28.0,28.0,28.0,233.0,245.0,245.0,245.0,312.0,84.0,84.0,317.0,300.0,300.0,232.0,232.0,232.0,338.0,3.0,315.0,315.0,349.0,248.0,14.0,14.0,14.0,228.0,337.0,337.0,34.0,238.0,238.0,238.0,252.0,252.0,252.0,252.0,340.0,340.0,340.0,340.0,340.0,17.0,17.0,17.0,9.0,0.0,0.0,71.0,173.0,173.0,173.0,326.0,326.0,0.0,326.0,184.0,184.0,258.0,283.0,304.0,21.0,21.0,21.0,47.0,47.0,143.0,143.0,91.0,91.0,3.0,98.0,37.0,37.0,37.0,167.0,262.0,262.0,262.0,247.0,249.0,249.0,249.0,187.0,187.0,187.0,248.0,248.0,315.0,315.0,315.0,315.0,314.0,314.0,175.0,175.0,266.0,266.0,4.0,297.0,105.0,113.0,180.0,337.0,68.0,316.0,316.0,117.0,322.0,264.0,35.0,48.0,48.0,262.0,77.0,198.0,136.0,136.0,68.0,312.0,267.0,212.0,239.0,343.0,273.0,228.0,316.0,349.0,249.0,292.0,152.0,45.0,105.0,326.0,262.0,287.0,287.0,7.0,273.0,145.0,273.0,150.0,245.0,352.0,98.0,28.0,99.0,349.0,349.0,349.0,353.0,236.0,228.0
2018,1,16,6,WIN_D_INST,127.0,100.0,126.0,127.0,100.0,136.0,136.0,136.0,165.0,165.0,165.0,165.0,19.0,19.0,19.0,19.0,126.0,126.0,235.0,235.0,126.0,243.0,243.0,54.0,54.0,60.0,60.0,60.0,77.0,77.0,130.0,145.0,145.0,337.0,0.0,0.0,0.0,0.0,0.0,11.0,11.0,11.0,11.0,11.0,11.0,334.0,334.0,274.0,274.0,268.0,15.0,284.0,273.0,358.0,68.0,68.0,68.0,68.0,68.0,68.0,68.0,68.0,344.0,9.0,344.0,9.0,9.0,135.0,135.0,135.0,288.0,340.0,123.0,123.0,123.0,344.0,230.0,319.0,319.0,319.0,313.0,291.0,203.0,338.0,338.0,203.0,203.0,104.0,122.0,143.0,70.0,70.0,196.0,208.0,258.0,18.0,18.0,18.0,18.0,86.0,337.0,337.0,113.0,113.0,187.0,187.0,187.0,39.0,39.0,39.0,119.0,119.0,79.0,49.0,49.0,34.0,119.0,287.0,71.0,15.0,245.0,337.0,6.0,337.0,11.0,82.0,228.0,228.0,174.0,174.0,174.0,174.0,298.0,298.0,215.0,215.0,145.0,145.0,145.0,11.0,11.0,11.0,11.0,11.0,11.0,11.0,337.0,337.0,337.0,0.0,0.0,0.0,207.0,207.0,207.0,207.0,207.0,122.0,122.0,122.0,96.0,96.0,129.0,163.0,235.0,235.0,165.66666666666666,332.0,70.0,213.0,213.0,321.0,124.0,191.0,208.0,208.0,201.0,201.0,201.0,346.0,152.0,31.0,31.0,337.0,337.0,16.0,160.0,186.0,82.0,124.0,113.0,113.0,160.0,160.0,160.0,160.0,85.0,85.0,85.0,275.0,275.0,275.0,31.0,31.0,31.0,28.0,256.0,256.0,256.0,275.0,323.0,323.0,317.0,329.0,329.0,175.0,175.0,175.0,315.0,293.0,270.0,270.0,315.0,214.0,149.0,149.0,149.0,222.0,288.0,288.0,138.0,291.0,291.0,291.0,275.0,275.0,275.0,275.0,328.0,328.0,328.0,328.0,328.0,235.0,235.0,235.0,9.0,31.0,31.0,60.0,326.0,326.0,326.0,343.0,315.0,301.0,315.0,230.0,230.0,26.0,252.0,254.0,6.0,6.0,6.0,99.0,99.0,146.0,146.0,320.0,320.0,357.0,34.0,108.0,108.0,108.0,261.0,115.0,115.0,115.0,261.0,210.0,210.0,210.0,357.0,357.0,357.0,124.0,124.0,352.0,352.0,352.0,352.0,300.0,300.0,215.0,215.0,99.0,99.0,263.0,233.0,82.0,66.0,356.0,15.0,110.0,16.0,16.0,120.0,70.0,269.0,347.0,26.0,26.0,233.0,111.0,179.0,136.0,136.0,48.0,321.0,174.0,100.0,275.0,338.0,340.0,208.0,16.0,337.0,210.0,232.0,191.0,54.0,337.0,315.0,324.0,284.0,284.0,273.0,70.0,122.0,70.0,298.0,124.0,311.0,352.0,7.0,119.0,204.0,204.0,204.0,72.0,143.0,208.0
2018,1,16,9,WIN_D_INST,127.0,147.0,126.0,127.0,147.0,153.0,153.0,153.0,149.0,149.0,149.0,149.0,95.0,95.0,95.0,95.0,126.0,126.0,247.0,247.0,126.0,274.0,274.0,251.0,251.0,120.0,120.0,120.0,113.0,113.0,196.0,281.0,281.0,153.0,40.0,40.0,40.0,40.0,40.0,70.0,70.0,70.0,70.0,70.0,70.0,334.0,334.0,286.0,286.0,277.0,27.0,303.0,283.0,18.0,334.0,334.0,334.0,334.0,334.0,334.0,334.0,334.0,343.0,48.0,343.0,48.0,48.0,152.0,152.0,152.0,61.0,308.0,77.0,77.0,77.0,343.0,275.0,318.0,318.0,318.0,326.0,318.0,326.0,342.0,342.0,326.0,326.0,19.0,111.0,87.0,96.0,96.0,167.0,141.0,104.0,273.0,273.0,273.0,273.0,245.0,54.0,54.0,99.0,99.0,199.0,199.0,199.0,31.0,31.0,31.0,20.0,20.0,62.0,71.0,71.0,64.0,105.0,208.0,102.0,66.0,197.0,17.0,51.0,35.0,318.0,82.0,113.0,113.0,197.0,197.0,197.0,197.0,123.0,123.0,90.0,90.0,136.0,136.0,136.0,34.0,34.0,34.0,34.0,34.0,34.0,34.0,153.0,153.0,153.0,40.0,40.0,40.0,213.0,213.0,213.0,213.0,213.0,334.0,334.0,334.0,59.0,59.0,42.0,133.0,179.0,179.0,170.66666666666666,346.0,87.0,241.0,241.0,76.0,127.0,197.0,188.0,188.0,176.0,176.0,176.0,44.0,203.0,68.0,68.0,88.0,88.0,341.0,107.0,14.0,78.0,143.0,111.0,111.0,172.0,172.0,172.0,172.0,275.0,275.0,275.0,298.0,298.0,298.0,79.0,79.0,79.0,84.0,96.0,96.0,96.0,91.0,256.0,256.0,68.0,43.0,43.0,255.0,255.0,255.0,143.0,278.0,290.0,290.0,338.0,183.0,169.0,169.0,169.0,273.0,118.0,118.0,34.0,5.0,5.0,5.0,295.0,295.0,295.0,295.0,13.0,13.0,13.0,13.0,13.0,247.0,247.0,247.0,65.0,34.0,34.0,82.0,337.0,337.0,337.0,295.0,286.0,177.0,286.0,136.0,136.0,224.0,326.0,284.0,325.0,325.0,325.0,110.0,110.0,0.0,0.0,249.0,249.0,337.0,48.0,326.0,326.0,326.0,136.0,127.0,127.0,127.0,207.0,130.0,130.0,130.0,128.0,128.0,128.0,121.0,121.0,203.0,203.0,203.0,203.0,199.0,199.0,125.0,125.0,136.0,136.0,252.0,314.0,26.0,190.0,329.0,9.0,158.0,341.0,341.0,149.0,264.0,279.0,331.0,136.0,136.0,262.0,349.0,329.0,78.0,78.0,43.0,76.0,197.0,147.0,298.0,340.0,308.0,141.0,341.0,153.0,130.0,301.0,101.0,251.0,54.0,286.0,309.0,303.0,303.0,283.0,96.0,111.0,96.0,123.0,127.0,349.0,135.0,22.0,105.0,182.0,182.0,182.0,3.0,87.0,141.0
2018,1,16,12,WIN_D_INST,155.0,255.0,335.0,155.0,255.0,176.0,176.0,176.0,212.0,212.0,212.0,212.0,246.0,246.0,246.0,246.0,278.0,278.0,289.0,289.0,278.0,102.0,102.0,196.0,196.0,127.0,127.0,127.0,136.33333333333334,136.33333333333334,205.0,113.0,113.0,125.0,85.0,85.0,85.0,85.0,85.0,73.0,73.0,73.0,73.0,73.0,73.0,156.0,156.0,330.0,330.0,309.0,358.0,292.0,306.0,40.0,26.0,26.0,26.0,26.0,26.0,26.0,26.0,26.0,114.0,67.0,114.0,67.0,67.0,302.0,302.0,302.0,70.0,325.0,95.0,95.0,95.0,114.0,50.0,321.0,321.0,321.0,305.0,275.0,317.0,131.0,131.0,317.0,317.0,52.0,357.0,68.0,79.0,79.0,150.0,124.0,162.0,56.0,56.0,56.0,56.0,285.0,71.0,71.0,99.0,99.0,197.0,197.0,197.0,82.0,82.0,82.0,289.0,289.0,87.0,119.0,119.0,245.0,108.0,203.0,122.0,2.0,209.0,2.0,124.0,341.0,287.0,44.0,340.0,340.0,172.0,172.0,172.0,172.0,266.0,266.0,17.0,17.0,238.0,238.0,238.0,85.0,85.0,85.0,85.0,85.0,85.0,85.0,125.0,125.0,125.0,85.0,85.0,85.0,159.0,159.0,159.0,159.0,159.0,116.0,116.0,116.0,23.0,23.0,335.0,61.0,170.0,170.0,186.3333333333333,340.0,76.0,298.0,298.0,0.0,76.0,127.0,155.0,155.0,164.0,164.0,164.0,80.0,56.0,98.0,98.0,298.0,298.0,333.0,8.0,352.0,321.0,31.0,122.0,122.0,94.0,94.0,94.0,94.0,275.0,275.0,275.0,84.0,84.0,84.0,57.0,57.0,57.0,129.0,338.0,338.0,338.0,136.0,20.0,20.0,82.0,99.0,99.0,316.0,316.0,316.0,174.0,219.0,293.0,293.0,346.0,224.0,124.0,124.0,124.0,217.0,279.0,279.0,51.0,27.0,27.0,27.0,266.0,266.0,266.0,266.0,356.0,356.0,356.0,356.0,356.0,230.0,230.0,230.0,230.0,332.0,332.0,224.0,334.0,334.0,334.0,309.0,340.0,174.0,340.0,176.0,176.0,221.0,218.0,205.0,326.0,326.0,326.0,178.0,178.0,329.0,329.0,249.0,249.0,323.0,315.0,71.0,71.0,71.0,139.0,93.0,93.0,93.0,68.0,62.0,62.0,62.0,51.0,51.0,51.0,87.0,87.0,169.0,169.0,169.0,169.0,88.0,88.0,100.0,100.0,292.0,292.0,15.0,107.0,119.0,222.0,342.0,36.0,278.0,333.0,333.0,150.0,242.0,299.0,179.0,326.0,326.0,160.0,309.0,173.0,249.0,249.0,54.0,0.0,172.0,255.0,84.0,127.0,325.0,124.0,333.0,125.0,62.0,290.0,138.0,196.0,71.0,340.0,1.0,292.0,292.0,306.0,79.0,357.0,79.0,266.0,76.0,208.66666666666663,149.0,302.0,108.0,203.0,203.0,203.0,344.0,68.0,124.0
2018,1,16,15,WIN_D_INST,295.0,310.0,321.0,295.0,310.0,85.0,85.0,85.0,342.0,342.0,342.0,342.0,213.0,213.0,213.0,213.0,214.0,214.0,282.0,282.0,214.0,97.0,97.0,197.0,197.0,204.0,204.0,204.0,94.0,94.0,57.0,45.0,45.0,130.0,79.0,79.0,79.0,79.0,79.0,172.0,172.0,172.0,172.0,172.0,172.0,193.0,193.0,320.0,320.0,285.0,135.0,348.0,276.0,256.0,26.0,26.0,26.0,26.0,26.0,26.0,26.0,26.0,9.0,10.0,9.0,10.0,10.0,49.0,49.0,49.0,63.0,303.0,131.0,131.0,131.0,9.0,24.0,338.0,338.0,338.0,315.0,256.0,312.0,136.0,136.0,312.0,312.0,56.0,340.0,51.0,3.0,3.0,329.0,346.0,164.0,338.0,338.0,338.0,338.0,263.0,176.0,176.0,91.0,91.0,280.0,280.0,280.0,245.0,245.0,245.0,357.0,357.0,242.0,121.0,121.0,199.66666666666663,102.0,197.0,193.0,34.0,168.0,299.0,143.0,243.0,174.0,160.0,62.0,62.0,172.0,172.0,172.0,172.0,241.0,241.0,344.0,344.0,213.0,213.0,213.0,136.0,136.0,136.0,136.0,136.0,136.0,136.0,130.0,130.0,130.0,79.0,79.0,79.0,94.0,94.0,94.0,94.0,94.0,289.0,289.0,289.0,11.0,11.0,290.0,30.0,170.0,170.0,118.33333333333331,28.0,100.0,26.0,26.0,160.0,135.0,340.0,309.0,309.0,323.0,323.0,323.0,304.0,239.0,203.0,203.0,330.0,330.0,171.0,346.0,349.0,241.66666666666663,34.0,113.0,113.0,142.0,142.0,142.0,142.0,337.0,337.0,337.0,94.0,94.0,94.0,57.0,57.0,57.0,8.0,0.0,0.0,0.0,181.0,290.0,290.0,119.0,60.0,60.0,234.0,234.0,234.0,160.0,301.0,281.0,281.0,332.0,287.0,124.0,124.0,124.0,253.0,245.0,245.0,6.0,26.0,26.0,26.0,286.0,286.0,286.0,286.0,31.0,31.0,31.0,31.0,31.0,210.0,210.0,210.0,247.0,211.0,211.0,334.0,235.0,235.0,235.0,264.0,329.0,197.0,329.0,122.0,122.0,196.0,232.0,217.0,33.0,33.0,33.0,129.0,129.0,0.0,0.0,11.0,11.0,0.0,298.0,180.66666666666663,180.66666666666663,180.66666666666663,51.0,132.0,132.0,132.0,190.0,28.0,28.0,28.0,31.0,31.0,31.0,104.0,104.0,149.0,149.0,149.0,149.0,126.0,126.0,119.0,119.0,309.0,309.0,111.0,272.0,62.0,347.0,11.0,295.0,287.0,171.0,171.0,189.0,175.0,233.0,183.0,278.0,278.0,315.0,329.0,357.0,143.33333333333334,143.33333333333334,34.0,160.0,172.0,310.0,94.0,129.0,303.0,346.0,171.0,130.0,28.0,256.0,3.0,197.0,176.0,329.0,319.0,348.0,348.0,276.0,3.0,340.0,3.0,241.0,135.0,264.0,149.0,125.0,102.0,288.0,288.0,288.0,166.0,51.0,346.0
2018,1,16,18,WIN_D_INST,183.4470214268896,178.66600619195046,181.87718676122927,183.4470214268896,178.66600619195046,194.0452296819788,194.0452296819788,194.0452296819788,221.5568489124045,221.5568489124045,221.5568489124045,221.5568489124045,193.06979431476773,193.06979431476773,193.06979431476773,193.06979431476773,165.1465888917068,165.1465888917068,177.98710377244788,177.98710377244788,165.1465888917068,179.75563999050107,179.75563999050107,163.77959682345755,163.77959682345755,183.93138184403887,183.93138184403887,183.93138184403887,160.04253534627367,160.04253534627367,189.7341145204156,174.55029001604345,174.55029001604345,191.5175803839926,172.26551361458456,172.26551361458456,172.26551361458456,172.26551361458456,172.26551361458456,162.31365955473098,162.31365955473098,162.31365955473098,162.31365955473098,162.31365955473098,162.31365955473098,191.11613805970148,191.11613805970148,126.97040605643495,126.97040605643495,147.07613384633322,159.40100125156445,152.94843239317274,151.84301984266762,161.85578635014838,183.12149750029067,183.12149750029067,183.12149750029067,183.12149750029067,183.12149750029067,183.12149750029067,183.12149750029067,183.12149750029067,164.3612314175348,196.2585261149535,164.3612314175348,196.2585261149535,196.2585261149535,150.7687981415821,150.7687981415821,150.7687981415821,164.86544380155115,163.29994114184814,196.7720109017656,196.7720109017656,196.7720109017656,164.3612314175348,94.31272935779816,209.1568033550792,209.1568033550792,209.1568033550792,197.42253683241253,177.29327091866588,179.0683508440562,144.82887266828874,144.82887266828874,179.0683508440562,179.0683508440562,133.5746951219512,173.40306899379172,145.664470642626,160.0454065469905,160.0454065469905,188.4239904988124,179.8910854158896,146.0669984221386,118.4608257095942,118.4608257095942,118.4608257095942,118.4608257095942,157.29818359136902,168.50676391012823,168.50676391012823,206.1398723157284,206.1398723157284,204.6703165912878,204.6703165912878,204.6703165912878,160.32814496457195,160.32814496457195,160.32814496457195,164.66562209842155,164.66562209842155,188.56929885860703,140.9328539951293,140.9328539951293,137.03581608625603,166.57428809722387,157.73989840683444,157.4756433273489,135.74148272552782,160.26694963863716,196.2498256219484,174.2810138356005,197.42598977529423,159.17301605907866,147.37536092396536,176.0949852507375,176.0949852507375,170.09055209055208,170.09055209055208,170.09055209055208,170.09055209055208,193.68899125915428,193.68899125915428,185.25683820120537,185.25683820120537,209.5644207352429,209.5644207352429,209.5644207352429,188.18118547732283,188.18118547732283,188.18118547732283,188.18118547732283,188.18118547732283,188.18118547732283,188.18118547732283,191.5175803839926,191.5175803839926,191.5175803839926,172.26551361458456,172.26551361458456,172.26551361458456,190.36394086394083,190.36394086394083,190.36394086394083,190.36394086394083,190.36394086394083,198.94742364187456,198.94742364187456,198.94742364187456,160.5400989529398,160.5400989529398,151.260793828543,216.39925242378223,148.3322634331907,148.3322634331907,182.2091771040618,179.22241379310344,142.27540720348705,183.53960575643973,183.53960575643973,189.74735372804463,193.5438678147545,160.36957040572793,151.35690711928336,151.35690711928336,127.43398419339842,127.43398419339842,127.43398419339842,166.0797455968689,213.54603474766577,160.29301170627883,160.29301170627883,193.91191352345905,193.91191352345905,180.42160037002776,187.18382968544432,186.5251798561151,213.7225744706305,170.81035535474416,183.69439589886983,183.69439589886983,198.9871902310547,198.9871902310547,198.9871902310547,198.9871902310547,214.42132928396217,214.42132928396217,214.42132928396217,149.50925711640824,149.50925711640824,149.50925711640824,160.40531754324857,160.40531754324857,160.40531754324857,181.9400544959128,187.00231000231,187.00231000231,187.00231000231,203.8637149775164,166.71411901983663,166.71411901983663,203.75228390723825,185.91601292108908,185.91601292108908,197.5869276307841,197.5869276307841,197.5869276307841,200.13811250146185,152.97934430166927,140.60333525014377,140.60333525014377,173.34446376811593,147.78625864696917,188.1144789276657,188.1144789276657,188.1144789276657,169.20845103578154,145.47564670240038,145.47564670240038,168.4591383655346,173.50144682903303,173.50144682903303,173.50144682903303,165.09961685823754,165.09961685823754,165.09961685823754,165.09961685823754,200.3828422053232,200.3828422053232,200.3828422053232,200.3828422053232,200.3828422053232,162.1229459747015,162.1229459747015,162.1229459747015,177.35173135022077,151.18400557944904,151.18400557944904,146.63151026219006,185.69565724959145,185.69565724959145,185.69565724959145,191.78635931558927,185.4264739884393,128.67981737298058,185.4264739884393,186.48909730363425,186.48909730363425,150.0857447817837,156.2069848661234,214.1070969250556,213.9970138968646,213.9970138968646,213.9970138968646,155.0724687535833,155.0724687535833,129.53867339912784,129.53867339912784,118.63781609195402,118.63781609195402,159.68928118149302,168.24272070812953,195.08023159636065,195.08023159636065,195.08023159636065,127.34822914190634,189.9004237288136,189.9004237288136,189.9004237288136,173.36239853364756,165.97945845004668,165.97945845004668,165.97945845004668,118.9622531939605,118.9622531939605,118.9622531939605,180.13578650364448,180.13578650364448,186.85949936555545,186.85949936555545,186.85949936555545,186.85949936555545,165.84729365662503,165.84729365662503,182.3646478550126,182.3646478550126,166.29663275193798,166.29663275193798,159.39768295480616,151.93294293259845,138.10332361516035,147.9084094635746,177.7180377183848,208.2267863306869,185.4214345188533,180.42160037002776,180.42160037002776,158.28700023380875,162.15146617409374,183.49467035136203,152.9754352492249,172.71066683223643,172.71066683223643,183.71597565177444,184.86423374794649,188.8058207217695,172.47989172467132,172.47989172467132,153.80829274384914,189.74735372804463,170.09055209055208,178.66600619195046,149.50925711640824,205.54021650564545,163.29994114184814,179.8910854158896,180.42160037002776,191.5175803839926,165.97945845004668,170.4092150575941,208.72498836668217,163.77959682345755,168.50676391012823,185.4264739884393,154.59809792180346,152.94843239317274,152.94843239317274,151.84301984266762,160.0454065469905,173.40306899379172,160.0454065469905,193.68899125915428,193.5438678147545,196.1754143646409,190.68045598777763,153.58090123745038,166.57428809722387,129.58713230985586,129.58713230985586,129.58713230985586,177.68311127115592,145.664470642626,179.8910854158896
2018,1,16,21,WIN_D_INST,290.0,291.0,300.0,290.0,291.0,184.0,184.0,184.0,90.0,90.0,90.0,90.0,314.0,314.0,314.0,314.0,181.66666666666663,181.66666666666663,282.0,282.0,181.66666666666663,48.0,48.0,215.0,215.0,179.0,179.0,179.0,122.0,122.0,346.0,334.0,334.0,139.0,85.0,85.0,85.0,85.0,85.0,163.0,163.0,163.0,163.0,163.0,163.0,108.0,108.0,261.0,261.0,281.0,149.0,274.0,257.0,3.0,340.0,340.0,340.0,340.0,340.0,340.0,340.0,340.0,292.0,341.0,292.0,341.0,341.0,61.0,61.0,61.0,60.0,326.0,59.0,59.0,59.0,292.0,68.0,349.0,349.0,349.0,193.0,231.0,332.0,165.0,165.0,332.0,332.0,239.0,28.0,59.0,14.0,14.0,332.0,349.0,127.33333333333331,22.0,22.0,22.0,22.0,145.0,133.0,133.0,241.0,241.0,306.0,306.0,306.0,191.0,191.0,191.0,79.0,79.0,231.0,66.0,66.0,163.0,85.0,166.0,125.0,139.0,196.0,239.0,124.0,161.0,169.0,265.0,329.0,329.0,174.0,174.0,174.0,174.0,289.0,289.0,173.0,173.0,204.0,204.0,204.0,150.0,150.0,150.0,150.0,150.0,150.0,150.0,139.0,139.0,139.0,85.0,85.0,85.0,91.0,91.0,91.0,91.0,91.0,272.0,272.0,272.0,298.0,298.0,231.0,341.0,204.0,204.0,146.33333333333334,326.0,189.0,252.0,252.0,163.0,213.66666666666663,357.0,340.0,340.0,11.0,11.0,11.0,290.0,340.0,259.0,259.0,231.0,231.0,54.0,321.0,354.0,251.0,295.0,79.0,79.0,1.0,1.0,1.0,1.0,247.0,247.0,247.0,102.0,102.0,102.0,79.0,79.0,79.0,256.0,253.0,253.0,253.0,187.0,233.0,233.0,230.0,167.0,167.0,302.0,302.0,302.0,233.3333333333333,155.0,177.0,177.0,169.0,146.0,135.0,135.0,135.0,239.0,293.0,293.0,53.0,353.0,353.0,353.0,264.0,264.0,264.0,264.0,294.0,294.0,294.0,294.0,294.0,272.0,272.0,272.0,298.0,169.0,169.0,85.0,227.0,227.0,227.0,162.0,113.0,186.0,113.0,45.0,45.0,26.0,204.0,154.0,30.0,30.0,30.0,70.0,70.0,0.0,0.0,215.0,215.0,357.0,273.0,213.0,213.0,213.0,31.0,65.0,65.0,65.0,283.0,0.0,0.0,0.0,57.0,57.0,57.0,8.0,8.0,332.0,332.0,332.0,332.0,347.0,347.0,222.0,222.0,306.0,306.0,12.0,354.0,37.0,167.0,123.0,201.0,329.0,54.0,54.0,328.0,337.0,286.0,145.0,249.0,249.0,298.0,281.0,312.0,169.0,169.0,40.0,163.0,174.0,291.0,102.0,135.0,326.0,349.0,54.0,139.0,0.0,250.0,115.0,215.0,133.0,113.0,238.0,274.0,274.0,257.0,14.0,28.0,14.0,289.0,213.66666666666663,149.0,113.0,262.0,85.0,38.0,38.0,38.0,67.0,59.0,349.0
2018,1,17,0,WIN_D_INST,167.66666666666666,322.0,317.0,167.66666666666666,322.0,136.0,136.0,136.0,307.0,307.0,307.0,307.0,325.0,325.0,325.0,325.0,40.0,40.0,39.0,39.0,40.0,2.0,2.0,100.0,100.0,37.0,37.0,37.0,107.0,107.0,150.0,62.0,62.0,190.0,82.0,82.0,82.0,82.0,82.0,197.0,197.0,197.0,197.0,197.0,197.0,221.0,221.0,249.0,249.0,282.0,249.0,233.0,243.0,151.0,20.0,20.0,20.0,20.0,20.0,20.0,20.0,20.0,344.0,53.0,344.0,53.0,53.0,70.0,70.0,70.0,35.0,338.0,131.0,131.0,131.0,344.0,52.0,318.0,318.0,318.0,250.0,246.0,314.0,157.0,157.0,314.0,314.0,343.0,20.0,34.0,62.0,62.0,6.0,357.0,148.0,10.0,10.0,10.0,10.0,9.0,111.0,111.0,275.0,275.0,322.0,322.0,322.0,208.0,208.0,208.0,125.0,125.0,219.0,230.0,230.0,304.0,79.0,315.0,153.0,231.0,244.0,261.0,132.0,206.0,166.0,192.0,304.0,304.0,115.0,115.0,115.0,115.0,292.0,292.0,346.0,346.0,272.0,272.0,272.0,176.0,176.0,176.0,176.0,176.0,176.0,176.0,190.0,190.0,190.0,82.0,82.0,82.0,102.0,102.0,102.0,102.0,102.0,156.0,156.0,156.0,281.0,281.0,193.3333333333333,82.0,204.0,204.0,75.0,23.0,257.0,326.0,326.0,96.0,233.0,14.0,346.0,346.0,343.0,343.0,343.0,340.0,349.0,180.0,180.0,193.0,193.0,157.0,253.0,51.0,241.0,281.0,196.0,196.0,317.0,317.0,317.0,317.0,241.0,241.0,241.0,330.0,330.0,330.0,238.0,238.0,238.0,228.0,205.0,205.0,205.0,235.0,273.0,273.0,235.0,198.0,198.0,199.0,199.0,199.0,321.0,245.0,205.0,205.0,17.0,195.66666666666663,158.0,158.0,158.0,8.0,300.0,300.0,6.0,285.0,285.0,285.0,17.0,17.0,17.0,17.0,264.0,264.0,264.0,264.0,264.0,249.0,249.0,249.0,230.0,248.0,248.0,211.0,105.0,105.0,105.0,145.0,193.0,208.0,193.0,190.0,190.0,168.0,85.0,325.0,246.0,246.0,246.0,99.0,99.0,181.0,181.0,65.0,65.0,37.0,236.0,37.0,37.0,37.0,23.0,264.0,264.0,264.0,187.3333333333333,0.0,0.0,0.0,31.0,31.0,31.0,53.0,53.0,318.0,318.0,318.0,318.0,175.33333333333334,175.33333333333334,189.0,189.0,346.0,346.0,266.0,85.0,162.0,91.0,161.0,152.0,309.0,157.0,157.0,351.0,298.0,359.0,228.0,289.0,289.0,200.0,300.0,272.0,261.0,261.0,31.0,96.0,115.0,322.0,330.0,143.0,338.0,357.0,157.0,190.0,0.0,233.0,349.0,100.0,111.0,193.0,220.0,233.0,233.0,243.0,62.0,20.0,62.0,292.0,233.0,255.0,20.0,103.0,79.0,221.0,221.0,221.0,287.0,34.0,357.0
2018,1,17,3,WIN_D_INST,21.0,95.0,319.0,21.0,95.0,190.0,190.0,190.0,51.0,51.0,51.0,51.0,349.0,349.0,349.0,349.0,47.0,47.0,54.0,54.0,47.0,143.0,143.0,203.0,203.0,57.0,57.0,57.0,13.0,13.0,326.0,230.0,230.0,249.0,261.0,261.0,261.0,261.0,261.0,231.0,231.0,231.0,231.0,231.0,231.0,230.0,230.0,349.0,349.0,253.0,140.0,270.0,315.0,259.0,43.0,43.0,43.0,43.0,43.0,43.0,43.0,43.0,334.0,31.0,334.0,31.0,31.0,103.0,103.0,103.0,58.0,26.0,123.0,123.0,123.0,334.0,205.0,165.0,165.0,165.0,199.0,206.0,340.0,13.0,13.0,340.0,340.0,50.0,108.0,68.0,31.0,31.0,31.0,31.0,164.0,75.0,75.0,75.0,75.0,71.0,147.0,147.0,289.0,289.0,285.0,285.0,285.0,203.0,203.0,203.0,91.0,91.0,284.0,176.0,176.0,211.0,295.0,225.0,181.0,187.0,140.0,227.0,177.0,154.0,169.0,225.0,284.0,284.0,340.0,340.0,340.0,340.0,252.0,252.0,284.0,284.0,289.0,289.0,289.0,227.0,227.0,227.0,227.0,227.0,227.0,227.0,249.0,249.0,249.0,261.0,261.0,261.0,96.0,96.0,96.0,96.0,96.0,317.0,317.0,317.0,217.0,217.0,259.0,68.0,187.0,187.0,194.0,93.0,77.0,88.0,88.0,228.0,62.0,68.0,338.0,338.0,31.0,31.0,31.0,327.0,45.0,262.0,262.0,29.0,29.0,121.0,225.0,0.0,316.0,290.0,201.0,201.0,312.0,312.0,312.0,312.0,266.0,266.0,266.0,197.0,197.0,197.0,227.0,227.0,227.0,200.0,267.0,267.0,267.0,258.0,248.0,248.0,159.0,184.0,184.0,47.0,47.0,47.0,42.0,149.0,158.0,158.0,357.0,158.0,273.0,273.0,273.0,48.0,85.0,85.0,281.0,52.0,52.0,52.0,304.3333333333333,304.3333333333333,304.3333333333333,304.3333333333333,34.0,34.0,34.0,34.0,34.0,252.0,252.0,252.0,167.0,177.0,177.0,283.0,128.0,128.0,128.0,74.0,105.0,146.0,105.0,159.0,159.0,244.0,79.0,119.0,116.0,116.0,116.0,49.0,49.0,0.0,0.0,329.0,329.0,82.0,256.0,264.0,264.0,264.0,60.0,267.0,267.0,267.0,238.0,60.0,60.0,60.0,45.0,45.0,45.0,45.0,45.0,298.0,298.0,298.0,298.0,141.0,141.0,118.0,118.0,17.0,17.0,277.0,354.0,247.0,269.0,150.0,131.0,273.0,121.0,121.0,23.0,310.0,193.0,42.0,272.0,272.0,278.0,351.0,337.0,196.0,196.0,48.0,228.0,340.0,95.0,197.0,160.0,26.0,31.0,121.0,249.0,60.0,312.0,309.0,203.0,147.0,105.0,225.0,270.0,270.0,315.0,31.0,108.0,31.0,252.0,62.0,160.0,338.0,201.0,295.0,178.0,178.0,178.0,239.0,68.0,31.0
2018,1,17,6,WIN_D_INST,52.0,337.0,99.0,52.0,337.0,283.0,283.0,283.0,288.0,288.0,288.0,288.0,22.0,22.0,22.0,22.0,106.0,106.0,95.0,95.0,106.0,334.0,334.0,196.0,196.0,13.0,13.0,13.0,34.0,34.0,340.0,292.0,292.0,281.0,286.0,286.0,286.0,286.0,286.0,217.0,217.0,217.0,217.0,217.0,217.0,278.0,278.0,135.0,135.0,355.0,197.0,288.0,69.0,242.0,136.0,136.0,136.0,136.0,136.0,136.0,136.0,136.0,341.0,28.0,341.0,28.0,28.0,158.0,158.0,158.0,102.0,91.0,102.0,102.0,102.0,341.0,204.0,172.0,172.0,172.0,207.0,167.0,85.0,9.0,9.0,85.0,85.0,85.0,31.0,65.0,45.0,45.0,96.0,31.0,150.0,41.0,41.0,41.0,41.0,296.0,94.0,94.0,281.0,281.0,286.0,286.0,286.0,236.0,236.0,236.0,334.0,334.0,132.0,257.0,257.0,229.0,51.0,160.0,125.0,237.0,146.0,75.0,34.0,55.0,225.0,257.0,295.0,295.0,295.0,295.0,295.0,295.0,275.0,275.0,283.0,283.0,309.0,309.0,309.0,252.0,252.0,252.0,252.0,252.0,252.0,252.0,281.0,281.0,281.0,286.0,286.0,286.0,224.0,224.0,224.0,224.0,224.0,238.0,238.0,238.0,295.0,295.0,323.0,133.0,145.0,145.0,178.66666666666666,295.0,65.0,68.0,68.0,233.0,211.0,23.0,357.0,357.0,0.0,0.0,0.0,303.0,321.0,233.0,233.0,67.0,67.0,87.0,228.0,349.0,230.0,307.0,130.0,130.0,22.0,22.0,22.0,22.0,298.0,298.0,298.0,280.0,280.0,280.0,332.0,332.0,332.0,304.0,267.0,267.0,267.0,278.0,242.0,242.0,224.0,201.0,201.0,222.0,222.0,222.0,17.0,141.0,160.0,160.0,335.0,236.0,149.0,149.0,149.0,6.0,123.0,123.0,115.0,127.0,127.0,127.0,3.0,3.0,3.0,3.0,13.0,13.0,13.0,13.0,13.0,281.0,281.0,281.0,31.0,6.0,6.0,227.0,334.0,334.0,334.0,340.0,193.0,163.0,193.0,128.0,128.0,201.0,224.0,115.0,339.0,339.0,339.0,135.0,135.0,165.0,165.0,85.0,85.0,102.0,56.0,147.0,147.0,147.0,11.0,262.0,262.0,262.0,139.0,111.0,111.0,111.0,289.0,289.0,289.0,138.0,138.0,138.0,138.0,138.0,138.0,123.0,123.0,102.0,102.0,23.0,23.0,280.0,320.0,62.0,260.0,64.0,153.0,273.0,87.0,87.0,4.0,137.0,135.0,35.0,235.0,235.0,315.0,351.0,323.0,219.0,219.0,23.0,233.0,295.0,337.0,280.0,222.0,91.0,31.0,87.0,281.0,111.0,55.0,264.0,196.0,94.0,193.0,176.0,288.0,288.0,69.0,45.0,31.0,45.0,275.0,211.0,41.0,321.0,208.0,51.0,207.0,207.0,207.0,295.0,65.0,31.0
2018,1,17,9,WIN_D_INST,97.0,117.0,66.0,97.0,117.0,232.0,232.0,232.0,352.0,352.0,352.0,352.0,351.0,351.0,351.0,351.0,20.0,20.0,97.0,97.0,20.0,336.0,336.0,38.0,38.0,211.3333333333333,211.3333333333333,211.3333333333333,60.0,60.0,326.0,306.0,306.0,269.0,295.0,295.0,295.0,295.0,295.0,253.0,253.0,253.0,253.0,253.0,253.0,317.0,317.0,93.0,93.0,8.0,222.0,1.0,63.0,190.0,43.0,43.0,43.0,43.0,43.0,43.0,43.0,43.0,12.0,47.0,12.0,47.0,47.0,225.0,225.0,225.0,47.0,58.0,103.0,103.0,103.0,12.0,114.0,159.0,159.0,159.0,108.0,308.0,315.0,307.0,307.0,315.0,315.0,70.0,82.0,174.0,121.0,121.0,37.0,3.0,164.0,55.0,55.0,55.0,55.0,84.0,68.0,68.0,286.0,286.0,296.0,296.0,296.0,152.0,152.0,152.0,261.0,261.0,115.0,244.0,244.0,315.0,94.0,110.0,74.0,51.0,103.0,80.0,93.0,65.0,174.0,243.0,264.0,264.0,237.0,237.0,237.0,237.0,315.0,315.0,271.0,271.0,303.0,303.0,303.0,349.0,349.0,349.0,349.0,349.0,349.0,349.0,269.0,269.0,269.0,295.0,295.0,295.0,244.0,244.0,244.0,244.0,244.0,320.0,320.0,320.0,312.0,312.0,53.0,193.0,34.0,34.0,162.33333333333334,124.0,59.0,60.0,60.0,214.0,335.0,25.0,65.0,65.0,17.0,17.0,17.0,54.0,290.0,290.0,290.0,111.0,111.0,26.0,152.0,343.0,208.0,329.0,173.0,173.0,260.0,260.0,260.0,260.0,247.0,247.0,247.0,292.0,292.0,292.0,258.0,258.0,258.0,34.0,253.0,253.0,253.0,281.0,264.0,264.0,349.0,221.0,221.0,219.0,219.0,219.0,346.0,96.0,233.0,233.0,70.0,101.0,118.0,118.0,118.0,73.0,61.0,61.0,155.0,324.0,324.0,324.0,68.0,68.0,68.0,68.0,26.0,26.0,26.0,26.0,26.0,198.0,198.0,198.0,74.0,6.0,6.0,88.0,125.0,125.0,125.0,3.0,116.0,11.0,116.0,139.0,139.0,198.0,218.0,106.0,1.0,1.0,1.0,324.0,324.0,0.0,0.0,224.0,224.0,176.0,20.0,57.0,57.0,57.0,51.0,253.0,253.0,253.0,306.0,147.0,147.0,147.0,204.0,204.0,204.0,3.0,3.0,124.0,124.0,124.0,124.0,124.0,124.0,95.0,95.0,128.0,128.0,103.0,308.0,179.0,57.0,48.0,147.0,245.66666666666663,26.0,26.0,41.0,111.0,273.0,305.0,266.0,266.0,338.0,48.0,11.0,326.0,326.0,43.0,214.0,237.0,117.0,292.0,239.0,58.0,3.0,26.0,269.0,147.0,51.0,118.0,38.0,68.0,116.0,161.0,1.0,1.0,63.0,121.0,82.0,121.0,315.0,335.0,57.0,298.0,218.0,94.0,195.0,195.0,195.0,188.3333333333333,174.0,3.0
2018,1,17,12,WIN_D_INST,275.0,279.0,314.0,275.0,279.0,48.0,48.0,48.0,341.0,341.0,341.0,341.0,343.0,343.0,343.0,343.0,258.0,258.0,321.0,321.0,258.0,325.0,325.0,202.0,202.0,267.0,267.0,267.0,317.0,317.0,266.0,133.0,133.0,326.0,224.0,224.0,224.0,224.0,224.0,293.0,293.0,293.0,293.0,293.0,293.0,340.0,340.0,61.0,61.0,63.0,222.0,78.0,49.0,304.0,85.0,85.0,85.0,85.0,85.0,85.0,85.0,85.0,89.0,344.0,89.0,344.0,344.0,130.0,130.0,130.0,67.0,47.0,85.0,85.0,85.0,89.0,81.0,143.0,143.0,143.0,51.0,16.0,310.0,132.0,132.0,310.0,310.0,101.0,332.0,270.0,295.0,295.0,283.0,14.0,159.0,28.0,28.0,28.0,28.0,62.0,162.0,162.0,272.0,272.0,294.0,294.0,294.0,25.0,25.0,25.0,315.0,315.0,62.0,276.0,276.0,172.66666666666666,88.0,84.0,334.0,95.0,61.0,230.0,188.0,333.0,354.0,272.0,245.0,245.0,298.0,298.0,298.0,298.0,332.0,332.0,228.0,228.0,244.0,244.0,244.0,167.0,167.0,167.0,167.0,167.0,167.0,167.0,326.0,326.0,326.0,224.0,224.0,224.0,255.0,255.0,255.0,255.0,255.0,43.0,43.0,43.0,273.0,273.0,20.0,290.0,14.0,14.0,176.66666666666666,107.0,233.0,329.0,329.0,138.0,191.0,295.0,315.0,315.0,210.0,210.0,210.0,352.0,301.0,188.0,188.0,244.0,244.0,268.0,287.0,42.0,357.0,48.0,329.0,329.0,353.0,353.0,353.0,353.0,249.0,249.0,249.0,266.0,266.0,266.0,272.0,272.0,272.0,166.0,121.0,121.0,121.0,283.0,259.0,259.0,283.0,320.0,320.0,239.0,239.0,239.0,278.0,129.0,20.0,20.0,349.0,115.0,115.0,115.0,115.0,37.0,14.0,14.0,312.0,337.0,337.0,337.0,74.0,74.0,74.0,74.0,2.0,2.0,2.0,2.0,2.0,252.0,252.0,252.0,312.0,34.0,34.0,96.0,210.0,210.0,210.0,88.0,320.0,23.0,320.0,51.0,51.0,207.0,99.0,11.0,51.0,51.0,51.0,72.0,72.0,25.0,25.0,62.0,62.0,286.0,68.0,351.0,351.0,351.0,190.0,307.0,307.0,307.0,264.0,249.0,249.0,249.0,45.0,45.0,45.0,318.0,318.0,172.0,172.0,172.0,172.0,122.0,122.0,137.0,137.0,37.0,37.0,82.0,44.0,145.0,172.0,243.0,296.0,295.0,268.0,268.0,95.0,68.0,252.0,0.0,244.0,244.0,96.0,150.0,198.0,324.0,324.0,99.0,138.0,298.0,279.0,266.0,242.0,47.0,14.0,268.0,326.0,249.0,332.0,107.0,202.0,162.0,320.0,80.0,78.0,78.0,49.0,295.0,332.0,295.0,332.0,191.0,239.0,264.0,18.0,88.0,134.0,134.0,134.0,328.0,270.0,14.0
2018,1,17,15,WIN_D_INST,294.0,295.0,343.0,294.0,295.0,275.0,275.0,275.0,94.0,94.0,94.0,94.0,325.0,325.0,325.0,325.0,226.0,226.0,175.0,175.0,226.0,236.66666666666663,236.66666666666663,31.0,31.0,271.0,271.0,271.0,284.0,284.0,28.0,269.0,269.0,125.0,68.0,68.0,68.0,68.0,68.0,352.0,352.0,352.0,352.0,352.0,352.0,329.0,329.0,107.0,107.0,75.0,42.0,160.0,48.0,84.0,88.0,88.0,88.0,88.0,88.0,88.0,88.0,88.0,172.0,96.0,172.0,96.0,96.0,75.0,75.0,75.0,64.0,116.0,108.0,108.0,108.0,172.0,150.0,354.0,354.0,354.0,353.0,348.0,326.0,131.0,131.0,326.0,326.0,118.0,190.0,17.0,174.0,174.0,125.0,262.0,185.0,71.0,71.0,71.0,71.0,91.0,351.0,351.0,255.0,255.0,227.0,227.0,227.0,51.0,51.0,51.0,68.0,68.0,284.0,359.0,359.0,325.0,312.0,56.0,9.0,322.0,246.0,296.0,335.0,298.0,329.0,103.0,287.0,287.0,321.0,321.0,321.0,321.0,320.0,320.0,326.0,326.0,215.0,215.0,215.0,170.0,170.0,170.0,170.0,170.0,170.0,170.0,125.0,125.0,125.0,68.0,68.0,68.0,241.0,241.0,241.0,241.0,241.0,20.0,20.0,20.0,8.0,8.0,63.66666666666666,236.0,354.0,354.0,207.0,87.0,41.0,295.0,295.0,143.0,278.0,248.0,129.0,129.0,275.0,275.0,275.0,348.0,6.0,259.0,259.0,244.0,244.0,315.0,236.0,53.0,330.0,242.0,272.0,272.0,328.0,328.0,328.0,328.0,300.0,300.0,300.0,270.0,270.0,270.0,20.0,20.0,20.0,115.0,127.0,127.0,127.0,258.0,250.0,250.0,215.0,159.0,159.0,282.0,282.0,282.0,158.0,335.0,62.0,62.0,259.0,70.0,343.0,343.0,343.0,87.0,45.0,45.0,14.0,11.0,11.0,11.0,108.0,108.0,108.0,108.0,359.0,359.0,359.0,359.0,359.0,332.0,332.0,332.0,235.0,98.0,98.0,82.0,349.0,349.0,349.0,156.0,201.0,20.0,201.0,258.0,258.0,231.0,102.0,294.0,30.0,30.0,30.0,188.0,188.0,343.0,343.0,68.0,68.0,278.0,110.0,326.0,326.0,326.0,232.0,304.0,304.0,304.0,125.66666666666669,162.0,162.0,162.0,26.0,26.0,26.0,264.0,264.0,129.0,129.0,129.0,129.0,130.0,130.0,91.0,91.0,349.0,349.0,105.0,269.0,48.0,220.0,232.0,207.0,79.0,315.0,315.0,296.0,323.0,89.0,49.0,224.0,224.0,183.0,346.0,247.0,53.0,53.0,289.0,143.0,321.0,295.0,270.0,222.0,116.0,262.0,315.0,125.0,162.0,63.0,0.0,31.0,351.0,201.0,92.0,160.0,160.0,48.0,174.0,190.0,174.0,320.0,278.0,333.0,146.0,35.0,312.0,109.0,109.0,109.0,34.0,17.0,262.0
2018,1,17,18,WIN_D_INST,273.0,215.3333333333333,300.0,273.0,215.3333333333333,116.0,116.0,116.0,23.0,23.0,23.0,23.0,312.0,312.0,312.0,312.0,183.0,183.0,185.0,185.0,183.0,67.0,67.0,235.0,235.0,275.0,275.0,275.0,121.0,121.0,51.0,102.0,102.0,275.0,349.0,349.0,349.0,349.0,349.0,87.0,87.0,87.0,87.0,87.0,87.0,23.0,23.0,26.0,26.0,100.0,187.0,151.0,40.0,91.33333333333331,133.0,133.0,133.0,133.0,133.0,133.0,133.0,133.0,353.0,46.0,353.0,46.0,46.0,318.0,318.0,318.0,73.0,46.0,300.0,300.0,300.0,353.0,80.0,318.0,318.0,318.0,315.0,296.0,316.0,132.0,132.0,316.0,316.0,210.0,181.0,208.0,253.0,253.0,281.0,176.0,109.0,156.0,156.0,156.0,156.0,246.0,34.0,34.0,34.0,34.0,228.0,228.0,228.0,352.0,352.0,352.0,272.0,272.0,267.0,32.0,32.0,44.0,6.0,180.0,94.0,31.0,130.0,174.0,129.0,313.0,42.0,73.0,304.0,304.0,183.0,183.0,183.0,183.0,153.0,153.0,290.0,290.0,9.0,9.0,9.0,173.0,173.0,173.0,173.0,173.0,173.0,173.0,275.0,275.0,275.0,349.0,349.0,349.0,198.0,198.0,198.0,198.0,198.0,113.0,113.0,113.0,276.0,276.0,259.0,17.0,354.0,354.0,112.66666666666669,62.0,234.0,247.0,247.0,143.0,76.0,278.0,146.0,146.0,181.0,181.0,181.0,338.0,338.0,115.0,115.0,203.0,203.0,262.0,96.0,138.0,317.0,53.0,320.0,320.0,352.0,352.0,352.0,352.0,354.0,354.0,354.0,91.0,91.0,91.0,289.0,289.0,289.0,183.0,152.0,152.0,152.0,184.0,222.0,222.0,221.0,292.0,292.0,240.0,240.0,240.0,143.0,113.0,73.0,73.0,242.0,93.0,352.0,352.0,352.0,20.0,69.0,69.0,349.0,100.66666666666669,100.66666666666669,100.66666666666669,142.0,142.0,142.0,142.0,321.0,321.0,321.0,321.0,321.0,249.0,249.0,249.0,315.0,346.0,346.0,315.0,346.0,346.0,346.0,244.0,343.0,349.0,343.0,306.0,306.0,156.0,94.0,301.0,5.0,5.0,5.0,75.0,75.0,0.0,0.0,43.0,43.0,303.0,79.0,224.0,224.0,224.0,190.0,239.0,239.0,239.0,152.0,20.0,20.0,20.0,45.0,45.0,45.0,231.0,231.0,155.0,155.0,155.0,155.0,291.3333333333333,291.3333333333333,292.0,292.0,329.0,329.0,335.0,79.0,74.0,229.0,216.0,69.0,278.0,262.0,262.0,25.0,281.0,51.0,280.0,235.66666666666663,235.66666666666663,180.0,261.0,99.0,159.0,159.0,303.0,143.0,183.0,215.3333333333333,91.0,228.0,46.0,176.0,262.0,275.0,20.0,97.0,101.0,235.0,34.0,343.0,61.0,151.0,151.0,40.0,253.0,181.0,253.0,153.0,76.0,269.0,132.0,14.0,6.0,72.0,72.0,72.0,192.0,208.0,176.0
2018,1,17,21,WIN_D_INST,308.0,129.0,256.0,308.0,129.0,111.66666666666669,111.66666666666669,111.66666666666669,346.0,346.0,346.0,346.0,314.0,314.0,314.0,314.0,214.0,214.0,249.0,249.0,214.0,3.0,3.0,15.0,15.0,252.0,252.0,252.0,161.66666666666666,161.66666666666666,159.0,102.0,102.0,244.0,122.0,122.0,122.0,122.0,122.0,37.0,37.0,37.0,37.0,37.0,37.0,119.0,119.0,63.0,63.0,63.0,30.0,99.0,37.0,257.0,91.0,91.0,91.0,91.0,91.0,91.0,91.0,91.0,344.0,357.0,344.0,357.0,357.0,1.0,1.0,1.0,69.0,85.0,329.0,329.0,329.0,344.0,59.0,330.0,330.0,330.0,311.0,356.0,336.0,62.0,62.0,336.0,336.0,312.0,142.0,262.0,194.0,194.0,82.0,3.0,8.0,107.0,107.0,107.0,107.0,284.0,57.0,57.0,266.0,266.0,253.0,253.0,253.0,59.0,59.0,59.0,43.0,43.0,250.0,28.0,28.0,121.33333333333331,306.0,56.0,82.0,9.0,178.0,268.0,141.0,255.0,14.0,86.0,59.0,59.0,160.0,160.0,160.0,160.0,145.0,145.0,347.0,347.0,281.0,281.0,281.0,176.0,176.0,176.0,176.0,176.0,176.0,176.0,244.0,244.0,244.0,122.0,122.0,122.0,196.0,196.0,196.0,196.0,196.0,193.0,193.0,193.0,34.0,34.0,198.66666666666663,341.0,349.0,349.0,225.0,39.0,239.0,230.66666666666663,230.66666666666663,338.0,135.0,328.6666666666667,124.0,124.0,215.0,215.0,215.0,339.0,183.0,231.0,231.0,196.0,196.0,254.0,98.0,96.0,13.0,37.0,326.0,326.0,68.0,68.0,68.0,68.0,334.0,334.0,334.0,57.0,57.0,57.0,108.0,108.0,108.0,149.0,25.0,25.0,25.0,142.0,259.0,259.0,0.0,167.0,167.0,224.0,224.0,224.0,127.0,127.0,56.0,56.0,301.0,346.0,338.0,338.0,338.0,73.0,148.0,148.0,290.0,49.0,49.0,49.0,108.0,108.0,108.0,108.0,254.0,254.0,254.0,254.0,254.0,354.0,354.0,354.0,252.0,17.0,17.0,57.0,3.0,3.0,3.0,283.0,320.0,42.0,320.0,323.0,323.0,71.0,96.0,325.0,25.0,25.0,25.0,295.0,295.0,148.0,148.0,79.0,79.0,349.0,174.0,306.0,306.0,306.0,123.0,90.0,90.0,90.0,71.0,184.0,184.0,184.0,43.0,43.0,43.0,115.0,115.0,155.0,155.0,155.0,155.0,77.0,77.0,268.0,268.0,34.0,34.0,34.0,222.0,346.0,218.0,168.0,189.0,107.0,254.0,254.0,1.0,318.0,99.0,321.0,122.0,122.0,135.0,224.0,169.33333333333334,192.0,192.0,20.0,338.0,160.0,129.0,57.0,205.0,85.0,3.0,254.0,244.0,184.0,31.0,154.66666666666666,15.0,57.0,320.0,38.0,99.0,99.0,37.0,194.0,142.0,194.0,145.0,135.0,251.0,149.0,335.0,306.0,79.0,79.0,79.0,182.0,262.0,3.0
2018,1,18,0,WIN_D_INST,206.0,174.0,146.0,206.0,174.0,60.0,60.0,60.0,12.0,12.0,12.0,12.0,183.0,183.0,183.0,183.0,238.0,238.0,242.0,242.0,238.0,335.0,335.0,76.0,76.0,206.0,206.0,206.0,101.0,101.0,235.0,156.0,156.0,145.0,91.0,91.0,91.0,91.0,91.0,217.0,217.0,217.0,217.0,217.0,217.0,351.0,351.0,48.0,48.0,61.0,62.0,46.0,61.0,338.0,295.0,295.0,295.0,295.0,295.0,295.0,295.0,295.0,47.0,185.0,47.0,185.0,185.0,241.0,241.0,241.0,304.0,23.0,212.66666666666663,212.66666666666663,212.66666666666663,47.0,78.0,339.0,339.0,339.0,314.0,226.0,152.66666666666666,135.0,135.0,152.66666666666666,152.66666666666666,73.0,230.0,141.0,141.0,141.0,286.0,352.0,357.0,75.0,75.0,75.0,75.0,240.0,346.0,346.0,34.0,34.0,206.0,206.0,206.0,205.0,205.0,205.0,111.0,111.0,245.0,21.0,21.0,74.0,153.33333333333334,11.0,91.0,50.0,81.0,242.0,121.0,321.0,0.0,66.0,281.0,281.0,200.0,200.0,200.0,200.0,133.0,133.0,281.0,281.0,235.0,235.0,235.0,111.0,111.0,111.0,111.0,111.0,111.0,111.0,145.0,145.0,145.0,91.0,91.0,91.0,153.0,153.0,153.0,153.0,153.0,136.0,136.0,136.0,284.0,284.0,214.0,255.0,0.0,0.0,50.0,34.0,258.0,28.0,28.0,321.0,138.0,318.0,354.0,354.0,60.0,60.0,60.0,346.0,309.0,84.0,84.0,244.0,244.0,224.0,93.0,245.0,20.0,82.0,0.0,0.0,293.0,293.0,293.0,293.0,43.0,43.0,43.0,114.0,114.0,114.0,119.0,119.0,119.0,346.0,87.0,87.0,87.0,300.0,262.0,262.0,227.0,167.0,167.0,234.0,234.0,234.0,11.0,65.0,17.0,17.0,129.0,34.0,301.0,301.0,301.0,96.0,173.0,173.0,14.0,257.0,257.0,257.0,187.0,187.0,187.0,187.0,78.33333333333333,78.33333333333333,78.33333333333333,78.33333333333333,78.33333333333333,343.0,343.0,343.0,227.0,20.0,20.0,108.0,329.0,329.0,329.0,340.0,306.0,53.0,306.0,303.0,303.0,150.0,130.0,317.0,50.0,50.0,50.0,280.0,280.0,332.0,332.0,108.0,108.0,0.0,53.0,238.0,238.0,238.0,60.0,270.0,270.0,270.0,221.0,261.0,261.0,261.0,232.0,232.0,232.0,160.0,160.0,174.0,174.0,174.0,174.0,5.0,5.0,163.0,163.0,79.0,79.0,263.0,325.0,190.0,197.0,157.0,187.0,301.0,224.0,224.0,353.0,338.0,256.0,276.0,190.0,190.0,214.0,272.0,252.0,285.0,285.0,179.0,321.0,200.0,174.0,114.0,146.0,23.0,352.0,224.0,145.0,261.0,26.0,281.0,76.0,346.0,306.0,111.0,46.0,46.0,61.0,141.0,230.0,141.0,133.0,138.0,247.0,113.0,124.0,153.33333333333334,78.0,78.0,78.0,242.0,141.0,352.0
2018,1,18,3,WIN_D_INST,320.0,157.0,149.0,320.0,157.0,221.0,221.0,221.0,9.0,9.0,9.0,9.0,115.0,115.0,115.0,115.0,214.0,214.0,218.0,218.0,214.0,126.0,126.0,154.0,154.0,79.0,79.0,79.0,187.3333333333333,187.3333333333333,190.0,235.0,235.0,224.0,159.0,159.0,159.0,159.0,159.0,197.0,197.0,197.0,197.0,197.0,197.0,111.0,111.0,46.0,46.0,60.0,72.0,24.0,30.0,1.0,45.0,45.0,45.0,45.0,45.0,45.0,45.0,45.0,59.0,57.0,59.0,57.0,57.0,273.0,273.0,273.0,54.0,38.0,116.0,116.0,116.0,59.0,62.0,325.0,325.0,325.0,322.0,3.0,47.0,353.0,353.0,47.0,47.0,42.0,332.0,45.0,349.0,349.0,354.0,217.0,356.0,81.0,81.0,81.0,81.0,17.0,346.0,346.0,230.0,230.0,268.0,268.0,268.0,186.0,186.0,186.0,62.0,62.0,129.0,44.0,44.0,40.0,82.0,76.0,26.0,55.0,118.0,225.0,0.0,333.0,37.0,78.0,248.0,248.0,301.0,301.0,301.0,301.0,264.0,264.0,257.0,257.0,286.0,286.0,286.0,159.0,159.0,159.0,159.0,159.0,159.0,159.0,224.0,224.0,224.0,159.0,159.0,159.0,198.0,198.0,198.0,198.0,198.0,232.0,232.0,232.0,332.0,332.0,146.0,220.0,351.0,351.0,212.3333333333333,65.0,64.0,309.0,309.0,273.0,118.0,31.0,340.0,340.0,20.0,20.0,20.0,342.0,290.0,293.0,293.0,109.0,109.0,259.0,132.0,143.0,339.0,107.0,354.0,354.0,360.0,360.0,360.0,360.0,230.0,230.0,230.0,269.0,269.0,269.0,77.0,77.0,77.0,17.0,219.0,219.0,219.0,252.0,239.0,239.0,224.0,181.0,181.0,118.0,118.0,118.0,222.0,110.0,68.0,68.0,332.0,51.0,315.0,315.0,315.0,129.0,101.0,101.0,287.0,346.0,346.0,346.0,94.0,94.0,94.0,94.0,65.0,65.0,65.0,65.0,65.0,3.0,3.0,3.0,68.0,28.0,28.0,65.0,320.0,320.0,320.0,28.0,349.0,8.0,349.0,281.0,281.0,3.0,139.0,336.0,348.0,348.0,348.0,67.0,67.0,140.0,140.0,346.0,346.0,57.0,42.0,91.0,91.0,91.0,43.0,59.0,59.0,59.0,28.0,11.0,11.0,11.0,77.0,77.0,77.0,245.0,245.0,163.0,163.0,163.0,163.0,5.0,5.0,125.0,125.0,91.0,91.0,277.0,48.0,255.0,73.0,320.0,41.0,301.0,259.0,259.0,354.0,257.0,182.0,29.0,65.0,65.0,197.0,235.0,196.3333333333333,202.0,202.0,147.33333333333334,273.0,301.0,157.0,269.0,214.0,38.0,217.0,259.0,224.0,11.0,34.0,96.0,154.0,346.0,349.0,62.0,24.0,24.0,30.0,349.0,332.0,349.0,264.0,118.0,250.0,231.0,110.0,82.0,65.0,65.0,65.0,190.0,45.0,217.0
2018,1,18,6,WIN_D_INST,177.0,162.0,134.0,177.0,162.0,292.0,292.0,292.0,276.0,276.0,276.0,276.0,156.0,156.0,156.0,156.0,223.0,223.0,211.0,211.0,223.0,123.0,123.0,243.0,243.0,204.0,204.0,204.0,203.0,203.0,162.0,292.0,292.0,249.0,289.0,289.0,289.0,289.0,289.0,276.0,276.0,276.0,276.0,276.0,276.0,264.0,264.0,106.0,106.0,13.0,150.0,59.0,57.0,25.0,40.0,40.0,40.0,40.0,40.0,40.0,40.0,40.0,56.0,14.0,56.0,14.0,14.0,167.0,167.0,167.0,49.0,22.0,97.0,97.0,97.0,56.0,62.0,330.0,330.0,330.0,8.0,39.0,229.0,312.0,312.0,229.0,229.0,86.0,340.0,76.0,121.0,121.0,96.0,62.0,356.0,36.0,36.0,36.0,36.0,83.0,357.0,357.0,286.0,286.0,308.0,308.0,308.0,231.0,231.0,231.0,99.0,99.0,174.0,33.0,33.0,149.0,162.0,138.0,130.0,117.0,152.0,318.0,135.0,93.0,110.0,247.0,259.0,259.0,301.0,301.0,301.0,301.0,306.0,306.0,240.0,240.0,249.0,249.0,249.0,289.0,289.0,289.0,289.0,289.0,289.0,289.0,249.0,249.0,249.0,289.0,289.0,289.0,252.0,252.0,252.0,252.0,252.0,207.0,207.0,207.0,163.0,163.0,174.0,134.0,37.0,37.0,149.0,188.0,106.0,85.0,85.0,312.0,343.0,31.0,48.0,48.0,57.0,57.0,57.0,86.0,357.0,304.0,304.0,64.0,64.0,307.0,177.0,87.0,228.0,110.0,6.0,6.0,334.0,334.0,334.0,334.0,258.0,258.0,258.0,224.0,224.0,224.0,48.0,48.0,48.0,259.0,304.0,304.0,304.0,269.0,290.0,290.0,261.0,238.0,238.0,195.0,195.0,195.0,225.0,93.0,127.0,127.0,93.0,39.0,135.0,135.0,135.0,329.0,116.0,116.0,340.0,114.0,114.0,114.0,45.0,45.0,45.0,45.0,350.0,350.0,350.0,350.0,350.0,343.0,343.0,343.0,119.0,174.0,174.0,315.0,351.0,351.0,351.0,298.0,317.0,28.0,317.0,34.0,34.0,9.0,99.0,351.0,7.0,7.0,7.0,48.0,48.0,133.0,133.0,79.0,79.0,130.0,28.0,6.0,6.0,6.0,48.0,76.0,76.0,76.0,315.0,340.0,340.0,340.0,349.0,349.0,349.0,323.0,323.0,141.0,141.0,141.0,141.0,8.0,8.0,99.0,99.0,68.0,68.0,87.0,310.0,256.0,179.0,57.0,4.0,68.0,307.0,307.0,168.0,37.0,157.0,328.0,258.0,258.0,312.0,252.0,31.0,150.0,150.0,340.0,312.0,301.0,162.0,224.0,138.0,22.0,62.0,307.0,249.0,340.0,20.0,121.0,243.0,357.0,317.0,62.0,59.0,59.0,57.0,121.0,340.0,121.0,306.0,343.0,304.0,236.0,142.0,162.0,71.0,71.0,71.0,288.0,76.0,62.0
2018,1,18,9,WIN_D_INST,157.0,149.0,167.0,157.0,149.0,198.0,198.0,198.0,270.0,270.0,270.0,270.0,157.0,157.0,157.0,157.0,240.0,240.0,236.0,236.0,240.0,173.0,173.0,240.0,240.0,221.0,221.0,221.0,177.0,177.0,156.0,300.0,300.0,150.0,230.0,230.0,230.0,230.0,230.0,208.0,208.0,208.0,208.0,208.0,208.0,286.0,286.0,93.0,93.0,70.0,130.0,47.0,61.0,55.0,65.0,65.0,65.0,65.0,65.0,65.0,65.0,65.0,27.0,356.0,27.0,356.0,356.0,197.0,197.0,197.0,71.0,48.0,87.0,87.0,87.0,27.0,50.0,111.0,111.0,111.0,61.0,44.0,160.0,135.0,135.0,160.0,160.0,84.0,26.0,56.0,354.0,354.0,14.0,17.0,285.0,51.0,51.0,51.0,51.0,92.0,281.0,281.0,272.0,272.0,266.0,266.0,266.0,194.0,194.0,194.0,184.0,184.0,177.0,55.0,55.0,133.0,162.0,160.0,136.0,200.0,204.0,304.0,138.0,113.0,233.0,256.0,259.0,259.0,312.0,312.0,312.0,312.0,17.0,17.0,258.0,258.0,235.0,235.0,235.0,224.0,224.0,224.0,224.0,224.0,224.0,224.0,150.0,150.0,150.0,230.0,230.0,230.0,82.0,82.0,82.0,82.0,82.0,156.0,156.0,156.0,149.0,149.0,245.0,323.0,23.0,23.0,169.66666666666666,107.0,48.0,96.0,96.0,70.0,39.0,82.0,23.0,23.0,34.0,34.0,34.0,109.0,169.0,338.0,338.0,55.0,55.0,296.0,248.0,233.0,228.0,233.0,343.0,343.0,308.0,308.0,308.0,308.0,278.0,278.0,278.0,242.0,242.0,242.0,334.0,334.0,334.0,273.0,270.0,270.0,270.0,20.0,245.0,245.0,190.0,156.0,156.0,233.0,233.0,233.0,259.0,84.0,79.0,79.0,90.0,25.0,166.0,166.0,166.0,307.0,26.0,26.0,129.0,44.0,44.0,44.0,6.0,6.0,6.0,6.0,343.0,343.0,343.0,343.0,343.0,20.0,20.0,20.0,150.0,200.0,200.0,235.0,88.0,88.0,88.0,286.0,309.0,31.0,309.0,40.0,40.0,9.0,113.0,327.0,318.0,318.0,318.0,36.0,36.0,324.0,324.0,71.0,71.0,156.0,236.0,170.0,170.0,170.0,40.0,276.0,276.0,276.0,281.0,28.0,28.0,28.0,23.0,23.0,23.0,28.0,28.0,146.0,146.0,146.0,146.0,5.0,5.0,129.0,129.0,116.0,116.0,150.0,22.0,323.0,55.0,73.0,343.0,169.0,296.0,296.0,167.66666666666666,255.0,170.0,16.0,252.0,252.0,293.0,346.0,354.0,242.0,242.0,105.0,70.0,312.0,149.0,242.0,121.0,48.0,17.0,296.0,150.0,28.0,54.0,115.0,240.0,281.0,309.0,67.0,47.0,47.0,61.0,354.0,26.0,354.0,17.0,39.0,348.0,231.0,277.0,162.0,60.0,60.0,60.0,100.0,56.0,17.0
2018,1,18,12,WIN_D_INST,148.0,169.0,314.0,148.0,169.0,198.0,198.0,198.0,307.0,307.0,307.0,307.0,189.0,189.0,189.0,189.0,177.0,177.0,225.0,225.0,177.0,113.0,113.0,233.0,233.0,175.0,175.0,175.0,214.0,214.0,275.0,116.0,116.0,139.0,156.0,156.0,156.0,156.0,156.0,203.0,203.0,203.0,203.0,203.0,203.0,108.0,108.0,45.0,45.0,73.0,143.0,74.0,60.0,356.0,40.0,40.0,40.0,40.0,40.0,40.0,40.0,40.0,287.0,310.0,287.0,310.0,310.0,115.0,115.0,115.0,60.0,67.0,74.0,74.0,74.0,287.0,78.0,240.0,240.0,240.0,117.0,31.0,320.0,152.0,152.0,320.0,320.0,93.0,48.0,31.0,14.0,14.0,60.0,62.0,19.0,152.0,152.0,152.0,152.0,247.0,213.0,213.0,258.0,258.0,274.0,274.0,274.0,191.0,191.0,191.0,249.0,249.0,253.0,189.0,189.0,41.0,147.0,115.0,147.0,353.0,110.0,250.0,152.0,197.0,211.0,208.0,287.0,287.0,211.0,211.0,211.0,211.0,125.0,125.0,281.0,281.0,235.0,235.0,235.0,162.0,162.0,162.0,162.0,162.0,162.0,162.0,139.0,139.0,139.0,156.0,156.0,156.0,190.0,190.0,190.0,190.0,190.0,79.0,79.0,79.0,335.0,335.0,301.0,330.0,34.0,34.0,174.66666666666666,70.0,108.0,0.0,0.0,343.0,110.0,287.0,290.0,290.0,23.0,23.0,23.0,348.0,87.0,143.0,143.0,217.0,217.0,268.0,293.0,104.0,75.0,129.0,0.0,0.0,311.0,311.0,311.0,311.0,184.0,184.0,184.0,270.0,270.0,270.0,209.66666666666663,209.66666666666663,209.66666666666663,124.0,222.0,222.0,222.0,88.0,267.0,267.0,20.0,147.0,147.0,211.0,211.0,211.0,245.0,70.0,98.0,98.0,56.0,37.0,127.0,127.0,127.0,233.0,38.0,38.0,315.0,49.0,49.0,49.0,215.0,215.0,215.0,215.0,0.0,0.0,0.0,0.0,0.0,0.0,0.0,0.0,230.0,183.0,183.0,326.0,295.0,295.0,295.0,232.0,315.0,34.0,315.0,343.0,343.0,20.0,94.0,333.0,309.0,309.0,309.0,42.0,42.0,273.0,273.0,31.0,31.0,334.0,110.0,346.0,346.0,346.0,28.0,295.0,295.0,295.0,261.0,28.0,28.0,28.0,20.0,20.0,20.0,31.0,31.0,180.0,180.0,180.0,180.0,342.0,342.0,138.0,138.0,349.0,349.0,61.0,346.0,71.0,190.0,117.0,90.0,290.0,268.0,268.0,188.0,148.0,36.0,235.0,258.0,258.0,191.0,312.0,244.0,240.0,240.0,77.0,343.0,211.0,169.0,270.0,84.0,67.0,62.0,268.0,139.0,28.0,13.0,56.0,233.0,213.0,315.0,76.0,74.0,74.0,60.0,14.0,48.0,14.0,125.0,110.0,207.0,219.0,163.0,147.0,39.0,39.0,39.0,145.0,31.0,62.0
2018,1,18,15,WIN_D_INST,255.0,139.0,16.0,255.0,139.0,312.0,312.0,312.0,345.0,345.0,345.0,345.0,212.0,212.0,212.0,212.0,192.0,192.0,51.0,51.0,192.0,122.66666666666669,122.66666666666669,262.0,262.0,177.0,177.0,177.0,208.0,208.0,235.0,91.0,91.0,136.0,162.66666666666666,162.66666666666666,162.66666666666666,162.66666666666666,162.66666666666666,222.0,222.0,222.0,222.0,222.0,222.0,142.0,142.0,26.0,26.0,13.0,181.0,36.0,66.0,8.0,0.0,0.0,0.0,0.0,0.0,0.0,0.0,0.0,350.0,193.0,350.0,193.0,193.0,241.0,241.0,241.0,350.0,7.0,348.0,348.0,348.0,350.0,0.0,217.0,217.0,217.0,217.0,264.0,129.0,224.66666666666663,224.66666666666663,129.0,129.0,144.0,340.0,70.0,156.33333333333334,156.33333333333334,309.0,148.33333333333334,339.0,83.0,83.0,83.0,83.0,302.0,283.0,283.0,255.0,255.0,243.0,243.0,243.0,183.0,183.0,183.0,116.0,116.0,219.0,59.0,59.0,150.33333333333334,147.0,191.0,176.0,120.0,190.0,185.0,149.0,192.0,169.0,108.0,200.0,200.0,174.0,174.0,174.0,174.0,258.0,258.0,284.0,284.0,198.0,198.0,198.0,162.0,162.0,162.0,162.0,162.0,162.0,162.0,136.0,136.0,136.0,162.66666666666666,162.66666666666666,162.66666666666666,159.0,159.0,159.0,159.0,159.0,204.0,204.0,204.0,239.0,239.0,299.0,288.0,0.0,0.0,222.0,70.0,193.0,45.0,45.0,169.0,352.0,307.0,340.0,340.0,9.0,9.0,9.0,342.0,329.0,169.0,169.0,248.0,248.0,265.0,205.0,25.0,331.0,236.0,340.0,340.0,294.0,294.0,294.0,294.0,269.0,269.0,269.0,250.3333333333333,250.3333333333333,250.3333333333333,230.0,230.0,230.0,98.0,276.0,276.0,276.0,147.0,250.0,250.0,9.0,130.0,130.0,227.0,227.0,227.0,148.33333333333334,68.0,45.0,45.0,90.0,31.0,155.0,155.0,155.0,248.0,39.0,39.0,278.0,5.0,5.0,5.0,264.0,264.0,264.0,264.0,2.0,2.0,2.0,2.0,2.0,323.0,323.0,323.0,261.0,188.0,188.0,283.0,252.0,252.0,252.0,286.0,317.0,11.0,317.0,0.0,0.0,11.0,99.0,312.0,310.0,310.0,310.0,16.0,16.0,352.0,352.0,48.0,48.0,337.0,245.0,264.0,264.0,264.0,43.0,295.0,295.0,295.0,247.0,357.0,357.0,357.0,99.0,99.0,99.0,318.0,318.0,127.0,127.0,127.0,127.0,356.0,356.0,82.0,82.0,283.0,283.0,61.0,259.0,238.0,247.0,170.0,345.0,242.0,265.0,265.0,86.0,126.0,358.0,179.0,252.0,252.0,163.0,180.66666666666663,232.0,209.0,209.0,68.0,169.0,174.0,139.0,250.3333333333333,141.0,7.0,148.33333333333334,265.0,136.0,357.0,9.0,104.0,262.0,283.0,317.0,68.0,36.0,36.0,66.0,156.33333333333334,340.0,156.33333333333334,258.0,352.0,219.0,6.0,205.0,147.0,46.0,46.0,46.0,168.0,70.0,148.33333333333334
2018,1,18,18,WIN_D_INST,345.0,106.0,310.0,345.0,106.0,357.0,357.0,357.0,333.0,333.0,333.0,333.0,211.0,211.0,211.0,211.0,298.0,298.0,116.0,116.0,298.0,75.0,75.0,240.0,240.0,171.0,171.0,171.0,230.0,230.0,190.0,227.0,227.0,190.0,193.0,193.0,193.0,193.0,193.0,225.0,225.0,225.0,225.0,225.0,225.0,113.0,113.0,356.0,356.0,77.0,330.0,48.0,34.0,15.0,298.0,298.0,298.0,298.0,298.0,298.0,298.0,298.0,332.0,97.0,332.0,97.0,97.0,74.0,74.0,74.0,166.0,10.0,341.0,341.0,341.0,332.0,216.0,134.0,134.0,134.0,176.0,164.0,297.0,307.0,307.0,297.0,297.0,27.0,343.0,267.0,236.0,236.0,264.0,231.0,346.0,90.0,90.0,90.0,90.0,224.0,181.66666666666663,181.66666666666663,272.0,272.0,282.0,282.0,282.0,194.0,194.0,194.0,54.0,54.0,245.0,251.0,251.0,132.0,162.0,200.0,0.0,29.0,131.0,235.0,121.0,143.0,200.0,253.0,211.0,211.0,200.0,200.0,200.0,200.0,153.0,153.0,242.0,242.0,286.0,286.0,286.0,179.0,179.0,179.0,179.0,179.0,179.0,179.0,190.0,190.0,190.0,193.0,193.0,193.0,94.0,94.0,94.0,94.0,94.0,230.0,230.0,230.0,250.0,250.0,179.0,20.0,40.0,40.0,164.33333333333334,45.0,226.0,82.0,82.0,20.0,315.0,270.0,245.0,245.0,14.0,14.0,14.0,340.0,323.0,143.0,143.0,230.0,230.0,272.0,335.0,304.0,334.0,219.0,326.0,326.0,169.66666666666666,169.66666666666666,169.66666666666666,169.66666666666666,108.0,108.0,108.0,237.0,237.0,237.0,11.0,11.0,11.0,326.0,115.0,115.0,115.0,215.0,239.0,239.0,232.0,170.0,170.0,233.0,233.0,233.0,48.0,267.0,6.0,6.0,31.0,107.0,332.0,332.0,332.0,222.0,41.0,41.0,17.0,325.0,325.0,325.0,283.0,283.0,283.0,283.0,358.0,358.0,358.0,358.0,358.0,281.0,281.0,281.0,241.0,200.0,200.0,235.0,201.0,201.0,201.0,295.0,312.0,20.0,312.0,346.0,346.0,190.0,116.0,291.0,312.0,312.0,312.0,246.0,246.0,355.0,355.0,105.0,105.0,37.0,233.0,108.0,108.0,108.0,105.0,284.0,284.0,284.0,247.0,312.0,312.0,312.0,111.0,111.0,111.0,326.0,326.0,138.0,138.0,138.0,138.0,323.0,323.0,105.0,105.0,0.0,0.0,81.0,31.0,122.0,41.0,142.0,205.0,82.0,272.0,272.0,124.0,120.0,304.0,176.0,221.0,221.0,174.0,6.0,173.0,96.0,96.0,264.0,20.0,200.0,106.0,237.0,113.0,10.0,231.0,272.0,190.0,312.0,16.0,127.0,240.0,181.66666666666663,312.0,75.0,48.0,48.0,34.0,236.0,343.0,236.0,153.0,315.0,188.0,354.0,216.0,162.0,18.0,18.0,18.0,177.0,267.0,231.0
2018,1,18,21,WIN_D_INST,294.0,105.0,298.0,294.0,105.0,193.0,193.0,193.0,344.0,344.0,344.0,344.0,244.0,244.0,244.0,244.0,165.33333333333334,165.33333333333334,17.0,17.0,165.33333333333334,298.3333333333333,298.3333333333333,114.0,114.0,166.0,166.0,166.0,168.0,168.0,3.0,94.0,94.0,230.0,272.0,272.0,272.0,272.0,272.0,239.0,239.0,239.0,239.0,239.0,239.0,170.0,170.0,62.0,62.0,38.0,84.0,41.0,18.0,17.0,298.0,298.0,298.0,298.0,298.0,298.0,298.0,298.0,338.0,22.0,338.0,22.0,22.0,85.66666666666667,85.66666666666667,85.66666666666667,60.0,349.0,5.0,5.0,5.0,338.0,46.0,194.0,194.0,194.0,192.0,219.0,306.0,101.33333333333331,101.33333333333331,306.0,306.0,51.0,215.0,256.0,281.0,281.0,349.0,123.0,348.0,166.0,166.0,166.0,166.0,302.0,40.0,40.0,266.0,266.0,284.0,284.0,284.0,186.0,186.0,186.0,88.0,88.0,245.0,261.0,261.0,44.66666666666666,162.0,160.0,105.0,34.0,129.0,233.0,121.0,158.0,203.0,262.0,59.0,59.0,239.0,239.0,239.0,239.0,37.0,37.0,258.0,258.0,278.0,278.0,278.0,190.0,190.0,190.0,190.0,190.0,190.0,190.0,230.0,230.0,230.0,272.0,272.0,272.0,71.0,71.0,71.0,71.0,71.0,198.0,198.0,198.0,262.0,262.0,225.0,343.0,303.0,303.0,192.66666666666663,11.0,271.0,17.0,17.0,183.0,208.0,24.0,104.0,104.0,91.0,91.0,91.0,352.0,349.0,214.0,214.0,179.0,179.0,216.0,352.0,267.0,348.0,118.0,9.0,9.0,66.0,66.0,66.0,66.0,235.0,235.0,235.0,27.0,27.0,27.0,106.66666666666669,106.66666666666669,106.66666666666669,31.0,177.0,177.0,177.0,247.0,273.0,273.0,247.0,156.0,156.0,224.0,224.0,224.0,222.0,110.0,53.0,53.0,0.0,8.0,202.3333333333333,202.3333333333333,202.3333333333333,228.0,358.0,358.0,3.0,349.0,349.0,349.0,232.0,232.0,232.0,232.0,346.0,346.0,346.0,346.0,346.0,323.0,323.0,323.0,258.0,191.0,191.0,210.0,221.0,221.0,221.0,278.0,306.0,354.0,306.0,227.0,227.0,266.0,82.0,280.0,9.0,9.0,9.0,297.0,297.0,0.0,0.0,88.0,88.0,0.0,87.0,99.0,99.0,99.0,255.0,281.0,281.0,281.0,188.0,209.66666666666663,209.66666666666663,209.66666666666663,77.0,77.0,77.0,326.0,326.0,138.0,138.0,138.0,138.0,340.0,340.0,116.0,116.0,343.0,343.0,92.0,0.0,108.0,273.0,170.0,242.0,101.0,216.0,216.0,173.33333333333334,253.0,122.0,192.0,232.0,232.0,169.0,357.0,137.66666666666666,249.0,249.0,62.0,183.0,239.0,105.0,27.0,143.0,349.0,123.0,216.0,230.0,209.66666666666663,26.0,155.0,114.0,40.0,306.0,68.0,41.0,41.0,18.0,281.0,215.0,281.0,37.0,208.0,207.0,262.0,189.0,162.0,32.0,32.0,32.0,190.0,256.0,123.0
2018,1,19,0,WIN_D_INST,273.0,3.0,317.0,273.0,3.0,14.0,14.0,14.0,347.0,347.0,347.0,347.0,309.0,309.0,309.0,309.0,314.0,314.0,358.0,358.0,314.0,349.0,349.0,225.0,225.0,224.0,224.0,224.0,200.0,200.0,337.0,125.0,125.0,221.0,235.0,235.0,235.0,235.0,235.0,253.0,253.0,253.0,253.0,253.0,253.0,96.0,96.0,43.0,43.0,71.0,129.0,56.0,37.0,16.0,337.0,337.0,337.0,337.0,337.0,337.0,337.0,337.0,232.0,240.0,232.0,240.0,240.0,51.0,51.0,51.0,54.0,349.0,354.0,354.0,354.0,232.0,24.0,192.0,192.0,192.0,192.0,255.0,328.0,96.0,96.0,328.0,328.0,22.0,128.0,273.0,259.0,259.0,261.0,14.0,39.0,118.0,118.0,118.0,118.0,18.0,31.0,31.0,238.0,238.0,288.0,288.0,288.0,172.0,172.0,172.0,91.0,91.0,242.0,244.0,244.0,53.0,215.0,115.0,187.0,325.0,125.0,235.0,124.0,155.66666666666666,183.0,203.0,11.0,11.0,129.0,129.0,129.0,129.0,162.0,162.0,285.0,285.0,227.0,227.0,227.0,198.0,198.0,198.0,198.0,198.0,198.0,198.0,221.0,221.0,221.0,235.0,235.0,235.0,142.0,142.0,142.0,142.0,142.0,185.3333333333333,185.3333333333333,185.3333333333333,228.0,228.0,270.0,259.0,201.0,201.0,238.0,53.0,259.0,334.0,334.0,267.0,205.0,8.0,138.0,138.0,111.0,111.0,111.0,43.0,346.0,183.0,183.0,222.66666666666663,222.66666666666663,287.0,301.0,118.0,271.6666666666667,174.0,147.0,147.0,62.0,62.0,62.0,62.0,247.0,247.0,247.0,111.0,111.0,111.0,153.0,153.0,153.0,148.0,42.0,42.0,42.0,255.0,256.0,256.0,283.0,187.0,187.0,229.0,229.0,229.0,267.0,349.0,290.0,290.0,59.0,309.0,115.0,115.0,115.0,225.0,156.66666666666666,156.66666666666666,135.0,1.0,1.0,1.0,255.0,255.0,255.0,255.0,32.0,32.0,32.0,32.0,32.0,357.0,357.0,357.0,241.0,186.0,186.0,40.0,221.0,221.0,221.0,312.0,300.0,34.0,300.0,159.0,159.0,244.0,116.0,281.0,304.0,304.0,304.0,79.0,79.0,183.0,183.0,108.0,108.0,349.0,284.0,261.0,261.0,261.0,139.66666666666666,51.0,51.0,51.0,133.0,317.0,317.0,317.0,45.0,45.0,45.0,257.6666666666667,257.6666666666667,127.66666666666669,127.66666666666669,127.66666666666669,127.66666666666669,308.0,308.0,84.0,84.0,300.0,300.0,74.0,324.0,198.0,176.0,48.0,135.0,323.0,287.0,287.0,338.0,119.0,318.0,203.0,266.0,266.0,152.0,122.0,102.0,109.0,109.0,289.0,267.0,129.0,3.0,111.0,160.0,349.0,14.0,287.0,221.0,317.0,45.0,76.0,225.0,31.0,300.0,63.0,56.0,56.0,37.0,259.0,128.0,259.0,162.0,205.0,206.0,278.0,204.0,215.0,34.0,34.0,34.0,226.0,273.0,14.0
2018,1,19,3,WIN_D_INST,144.0,125.0,40.0,144.0,125.0,275.0,275.0,275.0,326.0,326.0,326.0,326.0,51.0,51.0,51.0,51.0,110.0,110.0,191.66666666666663,191.66666666666663,110.0,142.0,142.0,41.0,41.0,254.0,254.0,254.0,209.0,209.0,181.0,113.0,113.0,249.0,269.0,269.0,269.0,269.0,269.0,253.0,253.0,253.0,253.0,253.0,253.0,221.0,221.0,44.0,44.0,43.0,223.0,98.0,122.0,120.0,65.0,65.0,65.0,65.0,65.0,65.0,65.0,65.0,68.0,22.0,68.0,22.0,22.0,280.0,280.0,280.0,50.0,17.0,98.0,98.0,98.0,68.0,88.0,213.0,213.0,213.0,203.0,202.0,96.0,35.0,35.0,96.0,96.0,93.0,221.0,264.0,203.0,203.0,119.0,174.0,29.0,112.0,112.0,112.0,112.0,69.0,252.0,252.0,281.0,281.0,276.0,276.0,276.0,225.0,225.0,225.0,99.0,99.0,278.0,249.0,249.0,49.0,210.0,177.0,116.0,187.0,143.0,216.0,233.0,225.0,211.0,243.0,248.0,248.0,174.0,174.0,174.0,174.0,266.0,266.0,243.0,243.0,264.0,264.0,264.0,235.0,235.0,235.0,235.0,235.0,235.0,235.0,249.0,249.0,249.0,269.0,269.0,269.0,230.0,230.0,230.0,230.0,230.0,329.0,329.0,329.0,231.0,231.0,225.0,278.0,201.0,201.0,162.0,8.0,65.0,71.0,71.0,256.0,180.0,219.0,219.0,219.0,187.0,187.0,187.0,335.0,340.0,354.0,354.0,142.0,142.0,280.0,129.0,70.0,274.3333333333333,98.0,111.0,111.0,219.0,219.0,219.0,219.0,224.0,224.0,224.0,243.0,243.0,243.0,85.0,85.0,85.0,42.0,248.0,248.0,248.0,261.0,248.0,248.0,221.0,187.0,187.0,58.0,58.0,58.0,23.0,180.0,146.0,146.0,118.0,217.0,259.0,259.0,259.0,231.0,4.0,4.0,211.0,26.0,26.0,26.0,261.0,261.0,261.0,261.0,339.0,339.0,339.0,339.0,339.0,6.0,6.0,6.0,281.0,183.0,183.0,261.0,187.0,187.0,187.0,230.0,281.0,76.0,281.0,20.0,20.0,136.0,162.0,290.0,304.0,304.0,304.0,20.0,20.0,0.0,0.0,105.0,105.0,303.0,3.0,241.0,241.0,241.0,164.0,127.0,127.0,127.0,68.0,142.0,142.0,142.0,116.0,116.0,116.0,73.0,73.0,352.0,352.0,352.0,352.0,332.0,332.0,136.0,136.0,337.0,337.0,103.0,274.0,71.0,55.0,147.0,61.0,250.0,280.0,280.0,353.0,315.0,216.0,25.0,261.0,261.0,326.0,247.0,62.0,82.0,82.0,266.0,256.0,174.0,125.0,243.0,239.0,17.0,174.0,280.0,249.0,142.0,66.0,11.0,41.0,252.0,281.0,62.0,98.0,98.0,122.0,203.0,221.0,203.0,266.0,180.0,217.0,264.0,189.0,210.0,26.0,26.0,26.0,211.0,264.0,174.0
2018,1,19,6,WIN_D_INST,145.0,102.0,52.0,145.0,102.0,312.0,312.0,312.0,275.0,275.0,275.0,275.0,114.0,114.0,114.0,114.0,158.0,158.0,173.0,173.0,158.0,292.0,292.0,269.0,269.0,277.0,277.0,277.0,212.0,212.0,244.0,306.0,306.0,261.0,218.0,218.0,218.0,218.0,218.0,276.0,276.0,276.0,276.0,276.0,276.0,281.0,281.0,44.0,44.0,346.0,261.0,81.0,308.0,261.0,48.0,48.0,48.0,48.0,48.0,48.0,48.0,48.0,76.0,49.0,76.0,49.0,49.0,269.0,269.0,269.0,10.0,346.0,89.0,89.0,89.0,76.0,208.0,170.0,170.0,170.0,243.0,185.0,119.0,98.0,98.0,119.0,119.0,84.0,153.0,180.0,177.0,177.0,190.0,208.0,108.0,139.0,139.0,139.0,139.0,297.0,357.0,357.0,266.0,266.0,286.0,286.0,286.0,233.0,233.0,233.0,193.0,193.0,293.0,247.0,247.0,216.0,272.0,262.0,232.0,251.0,216.0,293.0,23.0,111.0,228.0,244.0,259.0,259.0,118.0,118.0,118.0,118.0,196.0,196.0,229.0,229.0,266.0,266.0,266.0,252.0,252.0,252.0,252.0,252.0,252.0,252.0,261.0,261.0,261.0,218.0,218.0,218.0,272.0,272.0,272.0,272.0,272.0,252.0,252.0,252.0,110.0,110.0,214.0,118.0,207.0,207.0,177.0,354.0,65.0,247.0,247.0,276.0,68.0,135.0,180.0,180.0,31.0,31.0,31.0,335.0,301.0,357.0,357.0,83.0,83.0,317.0,180.0,101.0,227.0,205.0,145.0,145.0,224.0,224.0,224.0,224.0,278.0,278.0,278.0,209.0,209.0,209.0,261.0,261.0,261.0,0.0,301.0,301.0,301.0,312.0,239.0,239.0,292.0,249.0,249.0,216.0,216.0,216.0,17.0,253.0,205.0,205.0,17.0,233.0,158.0,158.0,158.0,231.0,279.0,279.0,104.0,10.0,10.0,10.0,295.0,295.0,295.0,295.0,335.0,335.0,335.0,335.0,335.0,136.0,136.0,136.0,133.0,172.0,172.0,173.0,329.0,329.0,329.0,312.0,306.0,231.0,306.0,275.0,275.0,11.0,9.0,272.0,305.0,305.0,305.0,70.0,70.0,180.0,180.0,320.0,320.0,164.0,354.0,96.0,96.0,96.0,9.0,228.0,228.0,228.0,201.0,133.0,133.0,133.0,295.0,295.0,295.0,346.0,346.0,329.0,329.0,329.0,329.0,82.0,82.0,166.0,166.0,94.0,94.0,83.0,304.0,79.0,44.0,64.0,6.0,107.0,317.0,317.0,352.0,3.0,184.0,340.0,272.0,272.0,323.0,334.0,43.0,323.0,323.0,278.0,276.0,118.0,102.0,209.0,233.0,346.0,208.0,317.0,261.0,133.0,25.0,304.0,269.0,357.0,306.0,51.0,81.0,81.0,308.0,177.0,153.0,177.0,196.0,68.0,279.0,259.0,232.0,272.0,30.0,30.0,30.0,232.0,180.0,208.0
2018,1,19,9,WIN_D_INST,137.0,117.0,164.0,137.0,117.0,295.0,295.0,295.0,275.0,275.0,275.0,275.0,123.0,123.0,123.0,123.0,128.0,128.0,41.0,41.0,128.0,296.0,296.0,254.0,254.0,85.0,85.0,85.0,78.0,78.0,298.0,283.0,283.0,264.0,255.0,255.0,255.0,255.0,255.0,231.0,231.0,231.0,231.0,231.0,231.0,264.0,264.0,101.0,101.0,30.0,254.0,39.0,12.0,262.0,91.0,91.0,91.0,91.0,91.0,91.0,91.0,91.0,2.0,38.0,2.0,38.0,38.0,153.0,153.0,153.0,66.0,4.0,102.0,102.0,102.0,2.0,259.0,201.0,201.0,201.0,177.0,194.0,117.0,130.0,130.0,117.0,117.0,6.0,218.0,96.0,110.0,110.0,210.0,194.0,75.0,186.0,186.0,186.0,186.0,151.0,26.0,26.0,278.0,278.0,291.0,291.0,291.0,197.0,197.0,197.0,295.0,295.0,23.0,239.0,239.0,227.0,116.0,205.0,207.0,159.0,164.0,45.0,62.0,136.0,225.0,244.0,284.0,284.0,186.0,186.0,186.0,186.0,281.0,281.0,252.0,252.0,289.0,289.0,289.0,238.0,238.0,238.0,238.0,238.0,238.0,238.0,264.0,264.0,264.0,255.0,255.0,255.0,261.0,261.0,261.0,261.0,261.0,235.0,235.0,235.0,11.0,11.0,256.0,145.0,159.0,159.0,187.0,309.0,62.0,145.0,145.0,259.0,98.0,146.0,245.0,245.0,77.0,77.0,77.0,76.0,270.0,84.0,84.0,58.0,58.0,300.0,200.0,248.0,218.0,239.0,128.0,128.0,175.0,175.0,175.0,175.0,337.0,337.0,337.0,267.0,267.0,267.0,139.0,139.0,139.0,340.0,295.0,295.0,295.0,320.0,250.0,250.0,275.0,349.0,349.0,246.0,246.0,246.0,290.0,107.0,158.0,158.0,343.0,200.0,138.0,138.0,138.0,222.0,68.0,68.0,17.0,13.0,13.0,13.0,295.0,295.0,295.0,295.0,321.0,321.0,321.0,321.0,321.0,261.0,261.0,261.0,153.0,180.0,180.0,275.0,156.0,156.0,156.0,283.0,224.0,219.0,224.0,51.0,51.0,306.0,255.0,266.0,328.0,328.0,328.0,61.0,61.0,0.0,0.0,74.0,74.0,150.0,8.0,269.0,269.0,269.0,51.0,101.0,101.0,101.0,142.0,40.0,40.0,40.0,320.0,320.0,320.0,45.0,45.0,129.0,129.0,129.0,129.0,93.0,93.0,106.0,106.0,136.0,136.0,80.0,15.0,71.0,95.0,16.0,317.0,124.0,300.0,300.0,48.0,103.0,253.0,10.0,3.0,3.0,96.0,300.0,125.0,231.0,231.0,218.0,259.0,186.0,117.0,267.0,262.0,4.0,194.0,300.0,264.0,40.0,69.0,6.0,254.0,26.0,224.0,85.0,39.0,39.0,12.0,110.0,218.0,110.0,281.0,98.0,67.0,346.0,273.0,116.0,78.0,78.0,78.0,242.0,96.0,194.0
2018,1,19,12,WIN_D_INST,279.0,115.0,149.33333333333334,279.0,115.0,281.0,281.0,281.0,1.0,1.0,1.0,1.0,158.0,158.0,158.0,158.0,16.0,16.0,8.0,8.0,16.0,300.0,300.0,230.0,230.0,47.0,47.0,47.0,207.0,207.0,317.0,62.0,62.0,105.0,266.0,266.0,266.0,266.0,266.0,225.0,225.0,225.0,225.0,225.0,225.0,71.0,71.0,114.0,114.0,105.0,9.0,57.0,76.0,246.0,116.0,116.0,116.0,116.0,116.0,116.0,116.0,116.0,8.0,330.0,8.0,330.0,330.0,165.33333333333334,165.33333333333334,165.33333333333334,53.0,125.0,64.0,64.0,64.0,8.0,101.0,179.0,179.0,179.0,192.0,242.0,176.0,79.0,79.0,176.0,176.0,66.0,184.0,62.0,357.0,357.0,147.0,152.0,36.0,206.0,206.0,206.0,206.0,270.0,298.0,298.0,306.0,306.0,247.0,247.0,247.0,219.0,219.0,219.0,334.0,334.0,6.0,284.0,284.0,0.0,164.0,84.0,26.0,354.0,112.0,236.0,115.0,344.0,158.0,217.0,346.0,346.0,214.0,214.0,214.0,214.0,156.0,156.0,316.0,316.0,312.0,312.0,312.0,164.0,164.0,164.0,164.0,164.0,164.0,164.0,105.0,105.0,105.0,266.0,266.0,266.0,264.0,264.0,264.0,264.0,264.0,326.0,326.0,326.0,290.0,290.0,149.0,7.0,193.0,193.0,132.33333333333334,295.0,105.0,14.0,14.0,158.0,93.0,98.0,129.0,129.0,272.0,272.0,272.0,104.0,17.0,53.0,53.0,229.0,229.0,251.0,338.0,113.0,318.0,315.0,133.0,133.0,101.0,101.0,101.0,101.0,213.0,213.0,213.0,73.0,73.0,73.0,62.0,62.0,62.0,90.0,143.0,143.0,143.0,317.0,236.0,236.0,62.0,65.0,65.0,286.0,286.0,286.0,146.0,96.0,101.0,101.0,307.0,143.0,129.0,129.0,129.0,236.0,290.0,290.0,45.0,55.0,55.0,55.0,227.0,227.0,227.0,227.0,275.0,275.0,275.0,275.0,275.0,255.0,255.0,255.0,196.0,217.0,217.0,204.0,224.0,224.0,224.0,201.0,264.0,183.0,264.0,164.0,164.0,230.0,96.0,231.0,291.0,291.0,291.0,267.0,267.0,157.0,157.0,31.0,31.0,247.0,298.0,298.0,298.0,298.0,91.0,107.0,107.0,107.0,181.0,31.0,31.0,31.0,82.0,82.0,82.0,146.0,146.0,129.0,129.0,129.0,129.0,98.0,98.0,69.0,69.0,91.0,91.0,131.0,5.0,119.0,217.0,175.0,173.0,298.0,251.0,251.0,30.0,294.0,312.0,181.0,281.0,281.0,174.0,275.0,334.0,305.0,305.0,249.0,158.0,214.0,115.0,73.0,256.0,125.0,152.0,251.0,105.0,31.0,60.0,141.0,230.0,298.0,264.0,84.0,57.0,57.0,76.0,357.0,184.0,357.0,156.0,93.0,205.0,301.0,201.0,164.0,84.0,84.0,84.0,167.0,62.0,152.0
2018,1,19,15,WIN_D_INST,260.0,339.0,301.0,260.0,339.0,238.0,238.0,238.0,349.0,349.0,349.0,349.0,307.0,307.0,307.0,307.0,18.0,18.0,270.0,270.0,18.0,332.0,332.0,271.0,271.0,79.0,79.0,79.0,51.0,51.0,337.0,145.0,145.0,48.0,153.0,153.0,153.0,153.0,153.0,256.0,256.0,256.0,256.0,256.0,256.0,275.0,275.0,45.0,45.0,87.0,184.0,50.0,58.0,268.0,204.0,204.0,204.0,204.0,204.0,204.0,204.0,204.0,8.0,5.0,8.0,5.0,5.0,171.0,171.0,171.0,60.333333333333336,180.0,91.0,91.0,91.0,8.0,72.0,256.0,256.0,256.0,227.0,273.0,121.0,339.0,339.0,121.0,121.0,33.0,0.0,65.0,0.0,0.0,105.0,186.0,10.0,202.0,202.0,202.0,202.0,340.0,225.66666666666663,225.66666666666663,264.0,264.0,270.0,270.0,270.0,287.0,287.0,287.0,45.0,45.0,352.0,217.0,217.0,194.66666666666663,204.0,138.0,241.0,203.0,106.0,207.0,124.0,177.33333333333334,121.0,161.0,258.0,258.0,197.0,197.0,197.0,197.0,82.0,82.0,359.0,359.0,298.0,298.0,298.0,323.0,323.0,323.0,323.0,323.0,323.0,323.0,48.0,48.0,48.0,153.0,153.0,153.0,159.0,159.0,159.0,159.0,159.0,111.0,111.0,111.0,323.0,323.0,295.0,335.0,136.0,136.0,147.0,349.0,65.0,57.0,57.0,177.0,51.0,228.66666666666663,281.0,281.0,26.0,26.0,26.0,109.0,309.0,177.0,177.0,225.0,225.0,275.0,248.0,272.0,244.0,259.0,312.0,312.0,277.0,277.0,277.0,277.0,6.0,6.0,6.0,174.0,174.0,174.0,309.0,309.0,309.0,135.0,143.0,143.0,143.0,300.0,239.0,239.0,31.0,351.0,351.0,219.0,219.0,219.0,174.0,169.0,31.0,31.0,309.0,34.0,135.0,135.0,135.0,236.0,328.0,328.0,200.0,159.0,159.0,159.0,249.0,249.0,249.0,249.0,276.0,276.0,276.0,276.0,276.0,119.0,119.0,119.0,238.0,186.0,186.0,17.0,249.0,249.0,249.0,317.0,283.0,217.0,283.0,28.0,28.0,252.0,261.0,192.0,332.0,332.0,332.0,150.0,150.0,0.0,0.0,20.0,20.0,213.0,278.0,82.0,82.0,82.0,26.0,129.0,129.0,129.0,34.0,11.0,11.0,11.0,77.0,77.0,77.0,143.0,143.0,323.0,323.0,323.0,323.0,116.0,116.0,357.0,357.0,79.0,79.0,103.0,232.0,167.0,177.0,169.0,210.0,281.0,275.0,275.0,16.0,283.0,286.0,195.0,258.0,258.0,186.0,312.0,275.0,338.0,338.0,204.0,177.0,197.0,339.0,174.0,233.0,180.0,186.0,275.0,48.0,11.0,11.0,349.0,271.0,225.66666666666663,283.0,26.0,50.0,50.0,58.0,0.0,0.0,0.0,82.0,51.0,234.0,17.0,160.0,204.0,57.0,57.0,57.0,182.0,65.0,186.0
2018,1,19,18,WIN_D_INST,267.0,278.6666666666667,301.0,267.0,278.6666666666667,340.0,340.0,340.0,347.0,347.0,347.0,347.0,333.0,333.0,333.0,333.0,46.0,46.0,39.0,39.0,46.0,154.0,154.0,103.33333333333331,103.33333333333331,158.0,158.0,158.0,95.0,95.0,48.0,147.0,147.0,20.0,57.0,57.0,57.0,57.0,57.0,42.0,42.0,42.0,42.0,42.0,42.0,17.0,17.0,47.0,47.0,26.0,143.33333333333334,357.0,349.0,318.0,343.0,343.0,343.0,343.0,343.0,343.0,343.0,343.0,316.0,22.0,316.0,22.0,22.0,141.0,141.0,141.0,70.0,109.0,292.0,292.0,292.0,316.0,95.0,290.0,290.0,290.0,232.0,48.0,307.0,11.0,11.0,307.0,307.0,57.0,26.0,70.0,25.0,25.0,51.0,186.0,3.0,236.0,236.0,236.0,236.0,132.0,218.0,218.0,190.0,190.0,221.0,221.0,221.0,68.0,68.0,68.0,62.0,62.0,73.0,302.0,302.0,335.0,122.0,68.0,334.0,359.0,84.0,191.0,110.0,239.0,124.0,74.0,332.0,332.0,211.0,211.0,211.0,211.0,23.0,23.0,26.0,26.0,57.0,57.0,57.0,349.0,349.0,349.0,349.0,349.0,349.0,349.0,20.0,20.0,20.0,57.0,57.0,57.0,286.0,286.0,286.0,286.0,286.0,133.0,133.0,133.0,264.0,264.0,228.0,301.0,179.0,179.0,266.3333333333333,338.0,29.0,57.0,57.0,315.0,346.0,20.0,87.0,87.0,11.0,11.0,11.0,343.0,307.0,177.0,177.0,148.0,148.0,266.0,290.0,217.0,8.0,349.0,244.0,244.0,327.0,327.0,327.0,327.0,354.0,354.0,354.0,110.0,110.0,110.0,48.0,48.0,48.0,239.0,158.0,158.0,158.0,303.0,250.0,250.0,306.0,28.0,28.0,230.0,230.0,230.0,293.0,163.0,138.0,138.0,293.0,42.0,143.0,143.0,143.0,256.0,289.0,289.0,132.0,15.0,15.0,15.0,303.0,303.0,303.0,303.0,170.0,170.0,170.0,170.0,170.0,189.0,189.0,189.0,159.0,42.0,42.0,132.33333333333334,230.0,230.0,230.0,162.33333333333334,218.0,245.0,218.0,198.0,198.0,329.0,133.0,119.66666666666669,307.0,307.0,307.0,159.0,159.0,120.0,120.0,334.0,334.0,329.0,270.0,295.0,295.0,295.0,51.0,93.0,93.0,93.0,99.0,6.0,6.0,6.0,71.0,71.0,71.0,301.0,301.0,204.3333333333333,204.3333333333333,204.3333333333333,204.3333333333333,126.0,126.0,7.0,7.0,45.0,45.0,117.0,324.0,68.0,252.0,184.0,223.0,259.0,266.0,266.0,260.0,296.0,63.0,33.0,272.0,272.0,259.0,252.0,150.0,260.0,260.0,221.0,315.0,211.0,278.6666666666667,110.0,298.0,109.0,186.0,266.0,20.0,6.0,9.0,338.0,103.33333333333331,218.0,218.0,15.0,357.0,357.0,349.0,25.0,26.0,25.0,23.0,346.0,207.0,101.0,107.0,122.0,85.0,85.0,85.0,165.0,70.0,186.0
2018,1,19,21,WIN_D_INST,280.0,283.0,287.0,280.0,283.0,111.0,111.0,111.0,151.0,151.0,151.0,151.0,313.0,313.0,313.0,313.0,58.0,58.0,160.0,160.0,58.0,50.0,50.0,18.0,18.0,169.0,169.0,169.0,100.0,100.0,264.0,111.0,111.0,153.0,96.0,96.0,96.0,96.0,96.0,37.0,37.0,37.0,37.0,37.0,37.0,11.0,11.0,44.0,44.0,28.0,129.0,46.0,15.0,233.0,23.0,23.0,23.0,23.0,23.0,23.0,23.0,23.0,6.0,47.0,6.0,47.0,47.0,85.33333333333333,85.33333333333333,85.33333333333333,101.0,38.0,117.0,117.0,117.0,6.0,52.0,294.0,294.0,294.0,283.0,183.3333333333333,294.0,56.0,56.0,294.0,294.0,72.0,340.0,65.0,42.0,42.0,54.0,122.0,266.0,70.0,70.0,70.0,70.0,180.0,354.0,354.0,85.0,85.0,211.0,211.0,211.0,37.0,37.0,37.0,34.0,34.0,73.0,13.0,13.0,268.0,68.0,93.0,209.66666666666663,18.0,94.0,183.0,127.0,248.0,143.0,90.0,315.0,315.0,231.0,231.0,231.0,231.0,181.0,181.0,317.0,317.0,0.0,0.0,0.0,54.0,54.0,54.0,54.0,54.0,54.0,54.0,153.0,153.0,153.0,96.0,96.0,96.0,235.0,235.0,235.0,235.0,235.0,91.0,91.0,91.0,309.0,309.0,118.0,319.0,142.0,142.0,286.3333333333333,290.0,58.0,329.0,329.0,17.0,146.0,56.0,349.0,349.0,83.0,83.0,83.0,339.0,304.0,152.0,152.0,41.0,41.0,285.0,113.0,318.0,267.0,166.0,213.0,213.0,331.0,331.0,331.0,331.0,23.0,23.0,23.0,75.0,75.0,75.0,23.0,23.0,23.0,84.0,172.0,172.0,172.0,269.0,245.0,245.0,65.0,82.0,82.0,280.0,280.0,280.0,357.0,197.0,42.0,42.0,34.0,48.0,113.0,113.0,113.0,211.0,293.0,293.0,42.0,77.0,77.0,77.0,283.0,283.0,283.0,283.0,3.0,3.0,3.0,3.0,3.0,179.0,179.0,179.0,241.0,349.0,349.0,43.0,323.0,323.0,323.0,0.0,303.0,146.0,303.0,45.0,45.0,3.0,26.0,125.0,155.0,155.0,155.0,298.0,298.0,20.0,20.0,34.0,34.0,354.0,304.0,201.0,201.0,201.0,57.0,120.0,120.0,120.0,190.66666666666663,309.0,309.0,309.0,65.0,65.0,65.0,11.0,11.0,149.0,149.0,149.0,149.0,157.0,157.0,324.0,324.0,272.0,272.0,61.0,272.0,54.0,230.0,171.0,186.0,349.0,285.0,285.0,40.0,243.0,53.0,101.0,230.0,230.0,183.0,190.0,204.0,63.0,63.0,210.0,17.0,231.0,283.0,75.0,262.0,38.0,122.0,285.0,153.0,309.0,49.0,357.0,18.0,354.0,303.0,37.0,46.0,46.0,15.0,42.0,340.0,42.0,181.0,146.0,214.0,194.0,111.0,68.0,23.0,23.0,23.0,185.0,65.0,122.0
2018,1,20,0,WIN_D_INST,324.0,350.0,60.0,324.0,350.0,94.0,94.0,94.0,131.0,131.0,131.0,131.0,319.0,319.0,319.0,319.0,87.0,87.0,54.0,54.0,87.0,1.0,1.0,86.0,86.0,177.66666666666666,177.66666666666666,177.66666666666666,72.0,72.0,334.0,88.0,88.0,130.0,17.0,17.0,17.0,17.0,17.0,65.0,65.0,65.0,65.0,65.0,65.0,9.0,9.0,47.0,47.0,63.0,6.0,40.0,49.0,105.66666666666669,62.0,62.0,62.0,62.0,62.0,62.0,62.0,62.0,20.0,25.0,20.0,25.0,25.0,78.0,78.0,78.0,80.0,70.33333333333333,144.0,144.0,144.0,20.0,250.0,325.0,325.0,325.0,271.0,193.3333333333333,124.0,124.0,124.0,124.0,124.0,83.0,6.0,70.0,346.0,346.0,51.0,6.0,29.0,52.0,52.0,52.0,52.0,323.0,275.0,275.0,43.0,43.0,203.0,203.0,203.0,45.0,45.0,45.0,17.0,17.0,73.0,193.0,193.0,187.3333333333333,94.0,107.0,125.0,12.0,85.0,264.0,158.0,218.0,143.0,56.0,90.0,90.0,212.3333333333333,212.3333333333333,212.3333333333333,212.3333333333333,164.0,164.0,305.0,305.0,354.0,354.0,354.0,334.0,334.0,334.0,334.0,334.0,334.0,334.0,130.0,130.0,130.0,17.0,17.0,17.0,198.0,198.0,198.0,198.0,198.0,275.0,275.0,275.0,281.0,281.0,31.0,1.0,26.0,26.0,160.66666666666666,323.0,26.0,334.0,334.0,167.0,273.0,209.0,315.0,315.0,48.0,48.0,48.0,141.0,304.0,90.0,90.0,331.0,331.0,201.0,278.0,208.0,174.0,177.0,82.0,82.0,150.0,150.0,150.0,150.0,193.0,193.0,193.0,92.0,92.0,92.0,332.0,332.0,332.0,82.0,211.0,211.0,211.0,295.0,233.0,233.0,34.0,139.0,139.0,200.0,200.0,200.0,248.0,143.33333333333334,87.0,87.0,6.0,94.0,152.0,152.0,152.0,163.0,342.0,342.0,17.0,138.0,138.0,138.0,289.0,289.0,289.0,289.0,283.0,283.0,283.0,283.0,283.0,218.0,218.0,218.0,261.0,0.0,0.0,82.0,170.0,170.0,170.0,272.0,343.0,160.0,343.0,258.0,258.0,26.0,82.0,131.0,324.0,324.0,324.0,5.0,5.0,0.0,0.0,43.0,43.0,26.0,270.0,209.66666666666663,209.66666666666663,209.66666666666663,31.0,129.0,129.0,129.0,289.0,181.0,181.0,181.0,221.0,221.0,221.0,84.0,84.0,152.0,152.0,152.0,152.0,54.0,54.0,273.0,273.0,9.0,9.0,111.0,32.0,28.0,229.0,118.0,139.0,107.0,201.0,201.0,151.0,258.0,231.0,10.0,218.0,218.0,172.0,312.0,150.33333333333334,149.0,149.0,167.0,167.0,212.3333333333333,350.0,92.0,222.0,70.33333333333333,6.0,201.0,130.0,181.0,55.0,346.0,86.0,275.0,343.0,48.0,40.0,40.0,49.0,346.0,6.0,346.0,164.0,273.0,216.0,20.0,109.0,94.0,52.0,52.0,52.0,227.0,70.0,6.0
2018,1,20,3,WIN_D_INST,4.0,59.0,77.0,4.0,59.0,62.0,62.0,62.0,111.0,111.0,111.0,111.0,354.0,354.0,354.0,354.0,35.0,35.0,62.0,62.0,35.0,83.0,83.0,75.0,75.0,50.0,50.0,50.0,116.0,116.0,153.0,221.0,221.0,289.0,62.0,62.0,62.0,62.0,62.0,31.0,31.0,31.0,31.0,31.0,31.0,20.0,20.0,101.0,101.0,102.0,95.0,61.0,70.0,35.0,40.0,40.0,40.0,40.0,40.0,40.0,40.0,40.0,45.0,3.0,45.0,3.0,3.0,44.0,44.0,44.0,49.0,83.0,106.0,106.0,106.0,45.0,30.0,324.0,324.0,324.0,21.0,36.0,257.0,97.0,97.0,257.0,257.0,80.0,337.0,332.0,132.0,132.0,34.0,59.0,30.0,251.0,251.0,251.0,251.0,69.0,139.0,139.0,91.0,91.0,259.0,259.0,259.0,73.0,73.0,73.0,37.0,37.0,48.0,51.0,51.0,38.0,153.0,34.0,116.0,32.0,147.0,21.0,143.0,210.0,160.0,17.0,233.0,233.0,194.0,194.0,194.0,194.0,249.0,249.0,104.0,104.0,26.0,26.0,26.0,3.0,3.0,3.0,3.0,3.0,3.0,3.0,289.0,289.0,289.0,62.0,62.0,62.0,232.0,232.0,232.0,232.0,232.0,281.0,281.0,281.0,174.0,174.0,169.0,196.0,48.0,48.0,183.3333333333333,354.0,68.0,62.0,62.0,293.0,101.0,56.0,25.0,25.0,20.0,20.0,20.0,151.0,236.0,39.0,39.0,22.0,22.0,228.0,121.0,169.0,224.0,138.0,136.0,136.0,293.0,293.0,293.0,293.0,300.0,300.0,300.0,181.0,181.0,181.0,184.0,184.0,184.0,253.0,231.0,231.0,231.0,241.0,236.0,236.0,332.0,198.0,198.0,178.0,178.0,178.0,262.0,113.0,104.0,104.0,45.0,141.0,121.0,121.0,121.0,343.0,75.0,75.0,290.0,30.0,30.0,30.0,136.0,136.0,136.0,136.0,19.0,19.0,19.0,19.0,19.0,289.0,289.0,289.0,43.0,14.0,14.0,45.0,340.0,340.0,340.0,303.0,261.0,287.0,261.0,111.0,111.0,261.0,68.0,246.0,3.0,3.0,3.0,288.0,288.0,349.0,349.0,26.0,26.0,40.0,0.0,232.0,232.0,232.0,11.0,107.0,107.0,107.0,207.0,156.0,156.0,156.0,82.0,82.0,82.0,329.0,329.0,121.0,121.0,121.0,121.0,110.0,110.0,307.0,307.0,82.0,82.0,119.0,156.0,14.0,56.0,95.0,147.0,107.0,228.0,228.0,23.0,97.0,139.0,24.0,300.0,300.0,169.0,281.0,119.0,94.0,94.0,224.0,293.0,194.0,59.0,181.0,253.0,83.0,59.0,228.0,289.0,156.0,76.0,340.0,75.0,139.0,261.0,78.0,61.0,61.0,70.0,132.0,337.0,132.0,249.0,101.0,0.0,70.0,323.0,153.0,74.0,74.0,74.0,1.0,332.0,59.0
2018,1,20,6,WIN_D_INST,183.4470214268896,178.66600619195046,181.87718676122927,183.4470214268896,178.66600619195046,194.0452296819788,194.0452296819788,194.0452296819788,221.5568489124045,221.5568489124045,221.5568489124045,221.5568489124045,193.06979431476773,193.06979431476773,193.06979431476773,193.06979431476773,165.1465888917068,165.1465888917068,177.98710377244788,177.98710377244788,165.1465888917068,179.75563999050107,179.75563999050107,163.77959682345755,163.77959682345755,183.93138184403887,183.93138184403887,183.93138184403887,160.04253534627367,160.04253534627367,189.7341145204156,174.55029001604345,174.55029001604345,191.5175803839926,172.26551361458456,172.26551361458456,172.26551361458456,172.26551361458456,172.26551361458456,162.31365955473098,162.31365955473098,162.31365955473098,162.31365955473098,162.31365955473098,162.31365955473098,191.11613805970148,191.11613805970148,126.97040605643495,126.97040605643495,147.07613384633322,159.40100125156445,152.94843239317274,151.84301984266762,161.85578635014838,183.12149750029067,183.12149750029067,183.12149750029067,183.12149750029067,183.12149750029067,183.12149750029067,183.12149750029067,183.12149750029067,164.3612314175348,196.2585261149535,164.3612314175348,196.2585261149535,196.2585261149535,150.7687981415821,150.7687981415821,150.7687981415821,164.86544380155115,163.29994114184814,196.7720109017656,196.7720109017656,196.7720109017656,164.3612314175348,94.31272935779816,209.1568033550792,209.1568033550792,209.1568033550792,197.42253683241253,177.29327091866588,179.0683508440562,144.82887266828874,144.82887266828874,179.0683508440562,179.0683508440562,133.5746951219512,173.40306899379172,145.664470642626,160.0454065469905,160.0454065469905,188.4239904988124,179.8910854158896,146.0669984221386,118.4608257095942,118.4608257095942,118.4608257095942,118.4608257095942,157.29818359136902,168.50676391012823,168.50676391012823,206.1398723157284,206.1398723157284,204.6703165912878,204.6703165912878,204.6703165912878,160.32814496457195,160.32814496457195,160.32814496457195,164.66562209842155,164.66562209842155,188.56929885860703,140.9328539951293,140.9328539951293,137.03581608625603,166.57428809722387,157.73989840683444,157.4756433273489,135.74148272552782,160.26694963863716,196.2498256219484,174.2810138356005,197.42598977529423,159.17301605907866,147.37536092396536,176.0949852507375,176.0949852507375,170.09055209055208,170.09055209055208,170.09055209055208,170.09055209055208,193.68899125915428,193.68899125915428,185.25683820120537,185.25683820120537,209.5644207352429,209.5644207352429,209.5644207352429,188.18118547732283,188.18118547732283,188.18118547732283,188.18118547732283,188.18118547732283,188.18118547732283,188.18118547732283,191.5175803839926,191.5175803839926,191.5175803839926,172.26551361458456,172.26551361458456,172.26551361458456,190.36394086394083,190.36394086394083,190.36394086394083,190.36394086394083,190.36394086394083,198.94742364187456,198.94742364187456,198.94742364187456,160.5400989529398,160.5400989529398,151.260793828543,216.39925242378223,148.3322634331907,148.3322634331907,182.2091771040618,179.22241379310344,142.27540720348705,183.53960575643973,183.53960575643973,189.74735372804463,193.5438678147545,160.36957040572793,151.35690711928336,151.35690711928336,127.43398419339842,127.43398419339842,127.43398419339842,166.0797455968689,213.54603474766577,160.29301170627883,160.29301170627883,193.91191352345905,193.91191352345905,180.42160037002776,187.18382968544432,186.5251798561151,213.7225744706305,170.81035535474416,183.69439589886983,183.69439589886983,198.9871902310547,198.9871902310547,198.9871902310547,198.9871902310547,214.42132928396217,214.42132928396217,214.42132928396217,149.50925711640824,149.50925711640824,149.50925711640824,160.40531754324857,160.40531754324857,160.40531754324857,181.9400544959128,187.00231000231,187.00231000231,187.00231000231,203.8637149775164,166.71411901983663,166.71411901983663,203.75228390723825,185.91601292108908,185.91601292108908,197.5869276307841,197.5869276307841,197.5869276307841,200.13811250146185,152.97934430166927,140.60333525014377,140.60333525014377,173.34446376811593,147.78625864696917,188.1144789276657,188.1144789276657,188.1144789276657,169.20845103578154,145.47564670240038,145.47564670240038,168.4591383655346,173.50144682903303,173.50144682903303,173.50144682903303,165.09961685823754,165.09961685823754,165.09961685823754,165.09961685823754,200.3828422053232,200.3828422053232,200.3828422053232,200.3828422053232,200.3828422053232,162.1229459747015,162.1229459747015,162.1229459747015,177.35173135022077,151.18400557944904,151.18400557944904,146.63151026219006,185.69565724959145,185.69565724959145,185.69565724959145,191.78635931558927,185.4264739884393,128.67981737298058,185.4264739884393,186.48909730363425,186.48909730363425,150.0857447817837,156.2069848661234,214.1070969250556,213.9970138968646,213.9970138968646,213.9970138968646,155.0724687535833,155.0724687535833,129.53867339912784,129.53867339912784,118.63781609195402,118.63781609195402,159.68928118149302,168.24272070812953,195.08023159636065,195.08023159636065,195.08023159636065,127.34822914190634,189.9004237288136,189.9004237288136,189.9004237288136,173.36239853364756,165.97945845004668,165.97945845004668,165.97945845004668,118.9622531939605,118.9622531939605,118.9622531939605,180.13578650364448,180.13578650364448,186.85949936555545,186.85949936555545,186.85949936555545,186.85949936555545,165.84729365662503,165.84729365662503,182.3646478550126,182.3646478550126,166.29663275193798,166.29663275193798,159.39768295480616,151.93294293259845,138.10332361516035,147.9084094635746,177.7180377183848,208.2267863306869,185.4214345188533,180.42160037002776,180.42160037002776,158.28700023380875,162.15146617409374,183.49467035136203,152.9754352492249,172.71066683223643,172.71066683223643,183.71597565177444,184.86423374794649,188.8058207217695,172.47989172467132,172.47989172467132,153.80829274384914,189.74735372804463,170.09055209055208,178.66600619195046,149.50925711640824,205.54021650564545,163.29994114184814,179.8910854158896,180.42160037002776,191.5175803839926,165.97945845004668,170.4092150575941,208.72498836668217,163.77959682345755,168.50676391012823,185.4264739884393,154.59809792180346,152.94843239317274,152.94843239317274,151.84301984266762,160.0454065469905,173.40306899379172,160.0454065469905,193.68899125915428,193.5438678147545,196.1754143646409,190.68045598777763,153.58090123745038,166.57428809722387,129.58713230985586,129.58713230985586,129.58713230985586,177.68311127115592,145.664470642626,179.8910854158896
2018,1,20,9,WIN_D_INST,46.0,59.0,72.0,46.0,59.0,91.0,91.0,91.0,130.0,130.0,130.0,130.0,72.0,72.0,72.0,72.0,34.0,34.0,61.0,61.0,34.0,173.0,173.0,81.0,81.0,80.0,80.0,80.0,95.0,95.0,190.0,298.0,298.0,17.0,238.0,238.0,238.0,238.0,238.0,37.0,37.0,37.0,37.0,37.0,37.0,340.0,340.0,55.0,55.0,66.0,147.0,96.0,139.0,95.0,43.0,43.0,43.0,43.0,43.0,43.0,43.0,43.0,28.0,307.0,28.0,307.0,307.0,245.0,245.0,245.0,42.0,43.0,56.0,56.0,56.0,28.0,304.0,154.0,154.0,154.0,133.0,85.0,139.0,78.0,78.0,139.0,139.0,80.0,346.0,110.0,101.0,101.0,79.0,56.0,349.0,223.0,223.0,223.0,223.0,94.0,6.0,6.0,283.0,283.0,287.0,287.0,287.0,48.0,48.0,48.0,17.0,17.0,110.0,83.0,83.0,166.0,119.0,138.0,125.0,132.0,140.0,51.0,163.0,117.0,200.0,217.0,276.0,276.0,228.0,228.0,228.0,228.0,238.0,238.0,93.0,93.0,99.0,99.0,99.0,0.0,0.0,0.0,0.0,0.0,0.0,0.0,17.0,17.0,17.0,238.0,238.0,238.0,255.0,255.0,255.0,255.0,255.0,264.0,264.0,264.0,135.0,135.0,211.0,142.0,77.0,77.0,186.3333333333333,8.0,65.0,204.0,204.0,245.0,34.0,143.0,138.0,138.0,218.0,218.0,218.0,70.0,160.0,338.0,338.0,82.0,82.0,293.0,281.0,340.0,232.0,248.0,82.0,82.0,283.0,283.0,283.0,283.0,266.0,266.0,266.0,275.0,275.0,275.0,340.0,340.0,340.0,107.0,278.0,278.0,278.0,346.0,287.0,287.0,317.0,286.0,286.0,314.0,314.0,314.0,270.0,180.0,177.0,177.0,45.0,65.0,158.0,158.0,158.0,217.0,228.66666666666663,228.66666666666663,25.0,354.0,354.0,354.0,144.33333333333334,144.33333333333334,144.33333333333334,144.33333333333334,38.0,38.0,38.0,38.0,38.0,14.0,14.0,14.0,96.0,177.0,177.0,0.0,130.0,130.0,130.0,147.0,255.0,236.0,255.0,65.0,65.0,156.0,162.0,178.0,306.0,306.0,306.0,23.0,23.0,141.0,141.0,99.0,99.0,357.0,217.0,357.0,357.0,357.0,278.0,90.0,90.0,90.0,283.0,264.0,264.0,264.0,196.0,196.0,196.0,87.0,87.0,166.0,166.0,166.0,166.0,334.0,334.0,271.0,271.0,45.0,45.0,107.0,30.0,323.0,107.0,44.0,348.0,3.0,293.0,293.0,218.0,94.0,109.0,12.0,303.0,303.0,295.0,303.0,28.0,127.0,127.0,164.0,245.0,228.0,59.0,275.0,242.0,43.0,56.0,293.0,17.0,264.0,51.0,104.0,81.0,6.0,255.0,87.0,96.0,96.0,139.0,101.0,346.0,101.0,238.0,34.0,67.0,98.0,207.0,119.0,96.0,96.0,96.0,8.0,110.0,56.0
2018,1,20,12,WIN_D_INST,8.0,53.0,58.0,8.0,53.0,96.0,96.0,96.0,112.0,112.0,112.0,112.0,330.0,330.0,330.0,330.0,61.0,61.0,69.0,69.0,61.0,92.0,92.0,81.0,81.0,87.0,87.0,87.0,45.0,45.0,153.0,320.0,320.0,136.0,26.0,26.0,26.0,26.0,26.0,56.0,56.0,56.0,56.0,56.0,56.0,6.0,6.0,357.0,357.0,80.0,165.33333333333334,131.0,93.0,91.0,71.0,71.0,71.0,71.0,71.0,71.0,71.0,71.0,8.0,339.0,8.0,339.0,339.0,120.0,120.0,120.0,64.0,124.0,67.0,67.0,67.0,8.0,262.0,122.0,122.0,122.0,141.0,45.0,188.66666666666663,141.0,141.0,188.66666666666663,188.66666666666663,100.0,354.0,53.0,318.0,318.0,9.0,14.0,10.0,184.0,184.0,184.0,184.0,74.0,272.0,272.0,190.0,190.0,292.0,292.0,292.0,79.0,79.0,79.0,3.0,3.0,113.0,107.0,107.0,182.3333333333333,108.0,160.0,181.0,165.0,107.0,61.0,135.0,149.0,121.0,279.0,270.0,270.0,264.0,264.0,264.0,264.0,17.0,17.0,109.0,109.0,20.0,20.0,20.0,34.0,34.0,34.0,34.0,34.0,34.0,34.0,136.0,136.0,136.0,26.0,26.0,26.0,147.0,147.0,147.0,147.0,147.0,286.0,286.0,286.0,236.0,236.0,346.0,141.0,351.0,351.0,188.0,346.0,76.0,351.0,351.0,166.0,84.0,200.0,205.0,205.0,139.0,139.0,139.0,117.0,70.0,188.0,188.0,272.0,272.0,312.0,248.0,143.0,226.3333333333333,233.0,68.0,68.0,65.0,65.0,65.0,65.0,213.0,213.0,213.0,70.0,70.0,70.0,94.0,94.0,94.0,73.0,31.0,31.0,31.0,320.0,233.0,233.0,43.0,20.0,20.0,207.0,207.0,207.0,264.0,354.0,188.0,188.0,115.0,110.0,121.0,121.0,121.0,101.0,16.0,16.0,14.0,310.0,310.0,310.0,111.0,111.0,111.0,111.0,7.0,7.0,7.0,7.0,7.0,105.0,105.0,105.0,329.0,90.0,90.0,210.0,181.0,181.0,181.0,232.0,156.0,298.0,156.0,179.0,179.0,150.0,133.0,228.0,353.0,353.0,353.0,33.0,33.0,0.0,0.0,57.0,57.0,37.0,349.0,281.0,281.0,281.0,261.0,253.0,253.0,253.0,179.0,122.0,122.0,122.0,187.0,187.0,187.0,267.0,267.0,155.0,155.0,155.0,155.0,137.0,137.0,107.0,107.0,79.0,79.0,54.0,189.0,130.0,155.0,23.0,346.0,96.0,312.0,312.0,57.0,69.0,344.0,5.0,272.0,272.0,160.0,319.3333333333333,196.0,98.0,98.0,60.0,166.0,264.0,53.0,70.0,242.0,124.0,14.0,312.0,136.0,122.0,325.0,87.0,81.0,272.0,156.0,104.0,131.0,131.0,93.0,318.0,354.0,318.0,17.0,84.0,102.0,20.0,114.0,108.0,53.0,53.0,53.0,94.0,53.0,14.0
2018,1,20,15,WIN_D_INST,13.0,353.0,58.0,13.0,353.0,108.0,108.0,108.0,138.0,138.0,138.0,138.0,332.0,332.0,332.0,332.0,52.0,52.0,57.0,57.0,52.0,19.0,19.0,73.0,73.0,83.0,83.0,83.0,46.0,46.0,122.0,153.0,153.0,68.0,31.0,31.0,31.0,31.0,31.0,56.0,56.0,56.0,56.0,56.0,56.0,40.0,40.0,128.0,128.0,60.0,144.66666666666666,134.0,75.0,101.0,111.0,111.0,111.0,111.0,111.0,111.0,111.0,111.0,340.0,331.0,340.0,331.0,331.0,109.0,109.0,109.0,82.0,51.0,51.0,51.0,51.0,340.0,44.0,135.0,135.0,135.0,157.0,128.0,309.0,117.0,117.0,309.0,309.0,95.0,340.0,312.0,349.0,349.0,264.0,284.0,357.0,153.0,153.0,153.0,153.0,220.0,272.0,272.0,249.0,249.0,246.0,246.0,246.0,82.0,82.0,82.0,3.0,3.0,59.0,89.0,89.0,128.0,77.0,163.0,173.0,113.0,129.0,10.0,138.0,152.0,158.0,245.0,349.0,349.0,121.0,121.0,121.0,121.0,275.0,275.0,359.0,359.0,34.0,34.0,34.0,71.0,71.0,71.0,71.0,71.0,71.0,71.0,68.0,68.0,68.0,31.0,31.0,31.0,187.0,187.0,187.0,187.0,187.0,298.0,298.0,298.0,287.0,287.0,141.66666666666666,344.0,167.0,167.0,188.0,332.0,77.0,340.0,340.0,338.0,264.0,259.0,143.0,143.0,159.0,159.0,159.0,142.0,276.0,138.0,138.0,240.0,240.0,318.0,233.0,96.0,294.0,152.0,326.0,326.0,6.0,6.0,6.0,6.0,309.0,309.0,309.0,56.0,56.0,56.0,134.33333333333334,134.33333333333334,134.33333333333334,70.0,248.0,248.0,248.0,309.0,233.0,233.0,43.0,312.0,312.0,216.0,216.0,216.0,256.0,242.0,200.0,200.0,48.0,124.0,146.0,146.0,146.0,239.0,29.0,29.0,160.0,292.0,292.0,292.0,207.0,207.0,207.0,207.0,4.0,4.0,4.0,4.0,4.0,17.0,17.0,17.0,241.0,3.0,3.0,77.0,218.0,218.0,218.0,351.0,68.0,309.0,68.0,37.0,37.0,154.0,79.0,262.0,17.0,17.0,17.0,52.0,52.0,0.0,0.0,94.0,94.0,0.0,42.0,196.0,196.0,196.0,187.0,118.0,118.0,118.0,121.33333333333331,269.0,269.0,269.0,119.0,119.0,119.0,191.0,191.0,155.0,155.0,155.0,155.0,342.0,342.0,125.0,125.0,9.0,9.0,176.0,166.0,71.0,224.0,80.0,308.0,79.0,318.0,318.0,68.0,112.0,272.0,22.0,281.0,281.0,155.0,323.0,105.0,154.0,154.0,68.0,338.0,121.0,353.0,56.0,253.0,51.0,284.0,318.0,68.0,269.0,252.0,186.0,73.0,272.0,68.0,90.0,134.0,134.0,75.0,349.0,340.0,349.0,275.0,264.0,195.3333333333333,39.0,136.0,77.0,55.0,55.0,55.0,95.0,312.0,284.0
2018,1,20,18,WIN_D_INST,4.0,4.0,52.0,4.0,4.0,79.0,79.0,79.0,103.0,103.0,103.0,103.0,347.0,347.0,347.0,347.0,48.0,48.0,58.0,58.0,48.0,10.0,10.0,81.0,81.0,71.0,71.0,71.0,39.0,39.0,60.0,167.0,167.0,79.0,17.0,17.0,17.0,17.0,17.0,70.0,70.0,70.0,70.0,70.0,70.0,326.0,326.0,85.0,85.0,61.0,136.0,16.0,89.0,116.0,43.0,43.0,43.0,43.0,43.0,43.0,43.0,43.0,351.0,278.3333333333333,351.0,278.3333333333333,278.3333333333333,136.0,136.0,136.0,56.0,53.0,157.66666666666666,157.66666666666666,157.66666666666666,351.0,49.0,169.0,169.0,169.0,158.0,42.0,113.0,73.0,73.0,113.0,113.0,84.0,261.0,152.0,194.0,194.0,332.0,28.0,53.0,175.0,175.0,175.0,175.0,144.0,176.0,176.0,332.0,332.0,298.0,298.0,298.0,59.0,59.0,59.0,357.0,357.0,84.0,82.0,82.0,28.0,91.0,155.0,108.0,72.0,93.0,49.0,124.0,165.0,158.0,267.0,267.0,267.0,163.0,163.0,163.0,163.0,77.0,77.0,41.0,41.0,105.0,105.0,105.0,346.0,346.0,346.0,346.0,346.0,346.0,346.0,79.0,79.0,79.0,17.0,17.0,17.0,173.0,173.0,173.0,173.0,173.0,224.0,224.0,224.0,245.0,245.0,6.0,327.0,272.0,272.0,233.66666666666663,326.0,36.0,351.0,351.0,326.0,135.0,219.0,197.0,197.0,204.0,204.0,204.0,200.0,304.0,259.0,259.0,255.0,255.0,283.0,287.0,73.0,11.0,96.0,292.0,292.0,336.0,336.0,336.0,336.0,9.0,9.0,9.0,113.0,113.0,113.0,159.0,159.0,159.0,23.0,127.0,127.0,127.0,283.0,253.0,253.0,20.0,40.0,40.0,227.0,227.0,227.0,225.0,127.0,70.0,70.0,39.0,79.0,335.0,335.0,335.0,248.0,67.0,67.0,34.0,294.0,294.0,294.0,88.0,88.0,88.0,88.0,289.0,289.0,289.0,289.0,289.0,51.0,51.0,51.0,312.0,8.0,8.0,113.0,142.0,142.0,142.0,28.0,224.0,338.0,224.0,204.0,204.0,105.0,207.0,308.0,324.0,324.0,324.0,299.0,299.0,0.0,0.0,122.0,122.0,60.0,281.0,105.0,105.0,105.0,249.0,264.0,264.0,264.0,108.0,292.0,292.0,292.0,82.0,82.0,82.0,219.0,219.0,79.0,79.0,79.0,79.0,337.0,337.0,38.0,38.0,349.0,349.0,103.0,197.0,96.0,59.0,32.0,195.0,113.0,283.0,283.0,55.0,108.0,281.0,181.0,266.0,266.0,172.0,317.0,148.66666666666666,170.0,170.0,68.0,326.0,163.0,4.0,113.0,270.0,53.0,28.0,283.0,79.0,292.0,335.0,107.0,81.0,176.0,224.0,89.0,16.0,16.0,89.0,194.0,261.0,194.0,77.0,135.0,139.0,278.0,82.0,91.0,32.0,32.0,32.0,107.0,152.0,28.0
2018,1,20,21,WIN_D_INST,11.0,8.0,55.0,11.0,8.0,62.0,62.0,62.0,100.0,100.0,100.0,100.0,335.0,335.0,335.0,335.0,43.0,43.0,63.0,63.0,43.0,73.0,73.0,83.0,83.0,60.0,60.0,60.0,25.0,25.0,14.0,111.0,111.0,136.0,77.0,77.0,77.0,77.0,77.0,56.0,56.0,56.0,56.0,56.0,56.0,31.0,31.0,109.0,109.0,80.0,119.66666666666669,63.0,86.0,110.0,40.0,40.0,40.0,40.0,40.0,40.0,40.0,40.0,38.0,308.0,38.0,308.0,308.0,61.0,61.0,61.0,102.0,54.0,342.0,342.0,342.0,38.0,225.0,186.0,186.0,186.0,208.0,23.0,151.0,112.0,112.0,151.0,151.0,70.0,210.0,315.0,298.0,298.0,309.0,143.66666666666666,11.0,178.0,178.0,178.0,178.0,215.0,11.0,11.0,91.0,91.0,298.0,298.0,298.0,45.0,45.0,45.0,17.0,17.0,82.0,328.0,328.0,311.0,34.0,51.0,357.0,349.0,135.0,3.0,107.0,213.0,155.0,102.0,321.0,321.0,203.0,203.0,203.0,203.0,317.0,317.0,2.0,2.0,14.0,14.0,14.0,57.0,57.0,57.0,57.0,57.0,57.0,57.0,136.0,136.0,136.0,77.0,77.0,77.0,179.0,179.0,179.0,179.0,179.0,244.0,244.0,244.0,321.0,321.0,37.0,339.0,323.0,323.0,188.0,323.0,34.0,201.0,201.0,346.0,180.0,70.0,115.0,115.0,147.0,147.0,147.0,168.0,304.0,0.0,0.0,238.0,238.0,272.0,225.0,155.0,28.0,79.0,258.0,258.0,205.0,205.0,205.0,205.0,82.0,82.0,82.0,6.0,6.0,6.0,247.0,247.0,247.0,239.0,141.0,141.0,141.0,289.0,208.0,208.0,57.0,51.0,51.0,221.0,221.0,221.0,222.0,248.0,34.0,34.0,59.0,62.0,87.0,87.0,87.0,231.0,60.0,60.0,349.0,354.0,354.0,354.0,79.0,79.0,79.0,79.0,346.0,346.0,346.0,346.0,346.0,351.0,351.0,351.0,28.0,8.0,8.0,133.0,227.0,227.0,227.0,179.0,105.0,293.0,105.0,28.0,28.0,258.0,62.0,272.0,17.0,17.0,17.0,269.0,269.0,126.0,126.0,94.0,94.0,147.0,259.0,150.0,150.0,150.0,201.0,93.0,93.0,93.0,88.0,159.0,159.0,159.0,45.0,45.0,45.0,222.0,222.0,180.0,180.0,180.0,180.0,332.0,332.0,106.0,106.0,68.0,68.0,84.0,124.0,133.0,65.0,144.0,149.0,113.0,272.0,272.0,186.0,300.0,286.0,186.0,269.0,269.0,276.0,269.0,193.0,176.0,176.0,20.0,346.0,203.0,8.0,6.0,267.0,54.0,143.66666666666666,272.0,136.0,159.0,80.0,107.0,83.0,11.0,105.0,95.0,63.0,63.0,86.0,298.0,210.0,298.0,317.0,180.0,140.0,304.0,117.0,34.0,51.0,51.0,51.0,109.0,315.0,143.66666666666666
2018,1,21,0,WIN_D_INST,35.0,352.0,76.0,35.0,352.0,102.0,102.0,102.0,124.0,124.0,124.0,124.0,350.0,350.0,350.0,350.0,45.0,45.0,67.0,67.0,45.0,89.0,89.0,75.0,75.0,47.0,47.0,47.0,32.0,32.0,272.0,88.0,88.0,119.0,54.0,54.0,54.0,54.0,54.0,51.0,51.0,51.0,51.0,51.0,51.0,45.0,45.0,98.0,98.0,78.0,48.0,28.0,79.0,169.0,91.0,91.0,91.0,91.0,91.0,91.0,91.0,91.0,78.66666666666667,230.0,78.66666666666667,230.0,230.0,90.0,90.0,90.0,90.0,45.0,355.0,355.0,355.0,78.66666666666667,284.0,198.0,198.0,198.0,215.0,29.0,128.0,113.0,113.0,128.0,128.0,131.0,238.0,264.0,208.0,208.0,323.0,6.0,27.0,177.0,177.0,177.0,177.0,264.0,176.0,176.0,31.0,31.0,286.0,286.0,286.0,51.0,51.0,51.0,26.0,26.0,84.0,34.0,34.0,29.0,23.0,45.0,139.0,81.0,89.0,50.0,121.0,145.0,70.0,118.0,56.0,56.0,197.0,197.0,197.0,197.0,0.0,0.0,42.66666666666666,42.66666666666666,60.0,60.0,60.0,14.0,14.0,14.0,14.0,14.0,14.0,14.0,119.0,119.0,119.0,54.0,54.0,54.0,247.0,247.0,247.0,247.0,247.0,3.0,3.0,3.0,42.0,42.0,98.0,15.0,111.0,111.0,97.33333333333331,329.0,218.0,286.0,286.0,208.0,205.0,204.3333333333333,188.0,188.0,201.0,201.0,201.0,303.0,332.0,87.0,87.0,241.0,241.0,259.0,298.0,31.0,352.0,115.0,326.0,326.0,323.0,323.0,323.0,323.0,337.0,337.0,337.0,76.0,76.0,76.0,332.0,332.0,332.0,349.0,276.0,276.0,276.0,14.0,256.0,256.0,51.0,48.0,48.0,354.0,354.0,354.0,217.0,203.0,28.0,28.0,340.0,0.0,181.66666666666663,181.66666666666663,181.66666666666663,169.0,68.0,68.0,284.0,358.0,358.0,358.0,20.0,20.0,20.0,20.0,2.0,2.0,2.0,2.0,2.0,108.0,108.0,108.0,354.0,31.0,31.0,65.0,9.0,9.0,9.0,298.0,315.0,343.0,315.0,266.0,266.0,184.0,85.0,264.0,330.0,330.0,330.0,279.0,279.0,7.0,7.0,122.0,122.0,354.0,354.0,156.0,156.0,156.0,272.0,166.0,166.0,166.0,135.33333333333334,218.0,218.0,218.0,187.0,187.0,187.0,186.0,186.0,284.0,284.0,284.0,284.0,354.0,354.0,121.0,121.0,317.0,317.0,115.0,128.0,255.0,167.0,147.0,202.0,87.0,259.0,259.0,344.0,271.0,286.0,167.0,247.0,247.0,186.0,264.0,227.0,315.0,315.0,103.66666666666669,208.0,197.0,352.0,76.0,242.0,45.0,6.0,259.0,119.0,218.0,23.0,73.0,75.0,176.0,315.0,114.0,28.0,28.0,79.0,208.0,238.0,208.0,0.0,205.0,219.0,172.0,84.0,23.0,32.0,32.0,32.0,130.0,264.0,6.0
2018,1,21,3,WIN_D_INST,58.0,61.0,74.0,58.0,61.0,133.0,133.0,133.0,126.0,126.0,126.0,126.0,12.0,12.0,12.0,12.0,56.0,56.0,56.0,56.0,56.0,50.0,50.0,82.0,82.0,59.0,59.0,59.0,23.0,23.0,349.0,71.0,71.0,193.0,45.0,45.0,45.0,45.0,45.0,48.0,48.0,48.0,48.0,48.0,48.0,9.0,9.0,59.0,59.0,69.0,119.0,127.0,78.0,287.0,45.0,45.0,45.0,45.0,45.0,45.0,45.0,45.0,78.0,117.0,78.0,117.0,117.0,92.0,92.0,92.0,81.0,39.0,295.0,295.0,295.0,78.0,36.0,128.0,128.0,128.0,112.0,73.0,151.0,139.0,139.0,151.0,151.0,150.0,145.0,259.0,236.0,236.0,167.0,138.0,3.0,147.0,147.0,147.0,147.0,321.0,295.0,295.0,94.0,94.0,290.0,290.0,290.0,39.0,39.0,39.0,51.0,51.0,338.0,53.0,53.0,46.0,68.0,53.0,54.0,30.0,75.0,51.0,346.0,110.0,98.0,64.0,253.0,253.0,172.0,172.0,172.0,172.0,261.0,261.0,91.0,91.0,91.0,91.0,91.0,34.0,34.0,34.0,34.0,34.0,34.0,34.0,193.0,193.0,193.0,45.0,45.0,45.0,227.0,227.0,227.0,227.0,227.0,281.0,281.0,281.0,28.0,28.0,166.0,60.0,252.0,252.0,127.66666666666669,315.0,67.0,159.0,159.0,248.0,127.0,211.0,214.0,214.0,210.0,210.0,210.0,314.0,8.0,37.0,37.0,280.0,280.0,232.0,343.0,338.0,330.0,70.0,20.0,20.0,321.0,321.0,321.0,321.0,153.0,153.0,153.0,214.0,214.0,214.0,111.0,111.0,111.0,39.0,264.0,264.0,264.0,26.0,239.0,239.0,23.0,283.0,283.0,121.0,121.0,121.0,248.0,73.0,68.0,68.0,42.0,113.0,343.0,343.0,343.0,208.0,143.0,143.0,132.0,330.0,330.0,330.0,3.0,3.0,3.0,3.0,339.0,339.0,339.0,339.0,339.0,0.0,0.0,0.0,0.0,349.0,349.0,43.0,3.0,3.0,3.0,213.0,306.0,51.0,306.0,238.0,238.0,204.0,65.0,265.0,85.0,85.0,85.0,233.0,233.0,203.0,203.0,337.0,337.0,354.0,278.0,281.0,281.0,281.0,232.0,242.0,242.0,242.0,210.0,235.0,235.0,235.0,227.0,227.0,227.0,233.0,233.0,326.0,326.0,326.0,326.0,309.0,309.0,226.0,226.0,156.0,156.0,349.0,308.0,156.0,74.0,267.0,140.0,293.0,232.0,232.0,104.0,98.0,287.0,196.0,269.0,269.0,180.0,312.0,298.0,125.0,125.0,43.0,248.0,172.0,61.0,214.0,245.0,39.0,138.0,232.0,193.0,235.0,66.0,357.0,82.0,295.0,306.0,112.0,127.0,127.0,78.0,236.0,145.0,236.0,261.0,127.0,254.0,135.0,113.0,68.0,359.0,359.0,359.0,278.0,259.0,138.0
2018,1,21,6,WIN_D_INST,61.0,68.0,71.0,61.0,68.0,130.0,130.0,130.0,146.0,146.0,146.0,146.0,17.0,17.0,17.0,17.0,66.0,66.0,102.0,102.0,66.0,154.0,154.0,81.0,81.0,53.0,53.0,53.0,19.0,19.0,230.0,289.0,289.0,0.0,62.0,62.0,62.0,62.0,62.0,56.0,56.0,56.0,56.0,56.0,56.0,40.0,40.0,56.0,56.0,73.0,92.0,70.0,102.0,62.0,43.0,43.0,43.0,43.0,43.0,43.0,43.0,43.0,95.0,129.0,95.0,129.0,129.0,211.0,211.0,211.0,46.0,84.0,23.0,23.0,23.0,95.0,173.0,195.0,195.0,195.0,54.0,143.0,96.0,323.0,323.0,96.0,96.0,75.0,133.0,158.0,138.0,138.0,173.0,174.0,352.0,6.0,6.0,6.0,6.0,318.0,0.0,0.0,337.0,337.0,289.0,289.0,289.0,56.0,56.0,56.0,28.0,28.0,132.0,121.0,121.0,152.0,102.0,183.0,133.0,99.0,195.0,44.0,340.0,83.0,332.0,245.0,231.0,231.0,264.0,264.0,264.0,264.0,74.0,74.0,60.0,60.0,74.0,74.0,74.0,354.0,354.0,354.0,354.0,354.0,354.0,354.0,0.0,0.0,0.0,62.0,62.0,62.0,252.0,252.0,252.0,252.0,252.0,215.0,215.0,215.0,45.0,45.0,121.0,107.0,147.0,147.0,152.0,323.0,84.0,179.0,179.0,304.0,138.0,197.0,214.0,214.0,221.0,221.0,221.0,135.0,169.0,352.0,352.0,23.0,23.0,282.0,309.0,113.0,242.0,309.0,14.0,14.0,316.0,316.0,316.0,316.0,238.0,238.0,238.0,10.0,10.0,10.0,128.0,128.0,128.0,45.0,287.0,287.0,287.0,306.0,248.0,248.0,34.0,309.0,309.0,69.0,69.0,69.0,259.0,96.0,84.0,84.0,45.0,87.0,146.0,146.0,146.0,253.0,276.0,276.0,200.0,342.0,342.0,342.0,283.0,283.0,283.0,283.0,294.0,294.0,294.0,294.0,294.0,357.0,357.0,357.0,334.0,31.0,31.0,40.0,349.0,349.0,349.0,320.0,317.0,8.0,317.0,332.0,332.0,51.0,230.0,263.0,96.0,96.0,96.0,140.0,140.0,145.0,145.0,340.0,340.0,14.0,287.0,298.0,298.0,298.0,176.0,124.0,124.0,124.0,210.0,210.0,210.0,210.0,320.0,320.0,320.0,110.0,110.0,118.0,118.0,118.0,118.0,155.0,155.0,347.0,347.0,122.0,122.0,75.0,311.0,105.0,58.0,34.0,259.0,262.0,282.0,282.0,22.0,300.0,289.0,53.0,266.0,266.0,180.0,332.0,309.0,203.0,203.0,17.0,304.0,264.0,68.0,10.0,242.0,84.0,174.0,282.0,0.0,210.0,33.0,276.0,81.0,0.0,317.0,53.0,70.0,70.0,102.0,138.0,133.0,138.0,74.0,138.0,115.0,127.0,322.0,102.0,74.0,74.0,74.0,330.0,158.0,174.0
2018,1,21,9,WIN_D_INST,72.0,74.0,97.0,72.0,74.0,82.0,82.0,82.0,161.0,161.0,161.0,161.0,1.0,1.0,1.0,1.0,55.0,55.0,95.0,95.0,55.0,186.0,186.0,75.0,75.0,59.0,59.0,59.0,82.0,82.0,176.0,289.0,289.0,17.0,320.0,320.0,320.0,320.0,320.0,37.0,37.0,37.0,37.0,37.0,37.0,20.0,20.0,94.0,94.0,70.0,324.0,81.0,33.0,95.0,45.0,45.0,45.0,45.0,45.0,45.0,45.0,45.0,74.0,154.33333333333334,74.0,154.33333333333334,154.33333333333334,117.0,117.0,117.0,79.0,54.0,19.0,19.0,19.0,74.0,196.0,164.0,164.0,164.0,89.0,72.0,194.0,218.0,218.0,194.0,194.0,73.0,88.0,68.0,56.0,56.0,122.0,70.0,139.0,67.0,67.0,67.0,67.0,287.0,45.0,45.0,346.0,346.0,280.0,280.0,280.0,37.0,37.0,37.0,3.0,3.0,118.0,262.0,262.0,35.0,74.0,113.0,74.0,97.0,262.0,4.0,307.0,336.0,338.0,271.0,264.0,264.0,197.0,197.0,197.0,197.0,238.0,238.0,92.0,92.0,88.0,88.0,88.0,0.0,0.0,0.0,0.0,0.0,0.0,0.0,17.0,17.0,17.0,320.0,320.0,320.0,162.0,162.0,162.0,162.0,162.0,99.0,99.0,99.0,45.0,45.0,79.0,106.0,207.0,207.0,188.66666666666663,349.0,82.0,28.0,28.0,236.0,110.0,110.0,110.0,110.0,54.0,54.0,54.0,2.0,180.0,349.0,349.0,350.0,350.0,245.0,304.0,346.0,76.0,42.0,34.0,34.0,147.0,147.0,147.0,147.0,278.0,278.0,278.0,224.0,224.0,224.0,235.0,235.0,235.0,8.0,312.0,312.0,312.0,40.0,304.0,304.0,54.0,14.0,14.0,251.0,251.0,251.0,273.0,45.0,357.0,357.0,276.0,346.0,335.0,335.0,335.0,239.0,302.0,302.0,73.0,350.0,350.0,350.0,292.0,292.0,292.0,292.0,317.0,317.0,317.0,317.0,317.0,227.0,227.0,227.0,343.0,8.0,8.0,77.0,57.0,57.0,57.0,0.0,164.0,239.0,164.0,252.0,252.0,249.0,113.0,296.0,321.0,321.0,321.0,189.0,189.0,166.0,166.0,300.0,300.0,167.0,338.0,298.0,298.0,298.0,85.0,96.0,96.0,96.0,82.0,45.0,45.0,45.0,286.0,286.0,286.0,107.0,107.0,127.0,127.0,127.0,127.0,134.0,134.0,280.0,280.0,128.0,128.0,220.0,357.0,105.0,12.0,61.0,12.0,301.0,245.0,245.0,68.0,9.0,278.0,299.0,317.0,317.0,73.0,329.0,196.0,242.0,242.0,48.0,236.0,197.0,74.0,224.0,225.0,54.0,70.0,245.0,17.0,45.0,17.0,42.0,75.0,45.0,164.0,69.0,81.0,81.0,33.0,56.0,88.0,56.0,238.0,110.0,69.0,87.0,289.0,74.0,94.0,94.0,94.0,332.0,68.0,70.0
2018,1,21,12,WIN_D_INST,2.0,18.0,56.0,2.0,18.0,130.0,130.0,130.0,129.0,129.0,129.0,129.0,24.0,24.0,24.0,24.0,102.0,102.0,48.0,48.0,102.0,92.0,92.0,67.0,67.0,25.0,25.0,25.0,68.0,68.0,196.0,346.0,346.0,164.0,357.0,357.0,357.0,357.0,357.0,31.0,31.0,31.0,31.0,31.0,31.0,20.0,20.0,314.0,314.0,44.0,234.3333333333333,109.0,88.0,99.0,0.0,0.0,0.0,0.0,0.0,0.0,0.0,0.0,56.0,88.0,56.0,88.0,88.0,317.0,317.0,317.0,56.0,48.0,286.0,286.0,286.0,56.0,150.0,179.0,179.0,179.0,182.0,262.0,331.0,199.0,199.0,331.0,331.0,109.0,0.0,53.0,14.0,14.0,131.66666666666666,62.0,134.0,179.0,179.0,179.0,179.0,296.0,252.0,252.0,20.0,20.0,280.0,280.0,280.0,45.0,45.0,45.0,303.0,303.0,73.0,189.0,189.0,137.0,79.0,166.0,34.0,18.0,239.0,5.0,48.0,337.0,278.0,239.0,309.0,309.0,211.0,211.0,211.0,211.0,65.0,65.0,98.0,98.0,31.0,31.0,31.0,9.0,9.0,9.0,9.0,9.0,9.0,9.0,164.0,164.0,164.0,357.0,357.0,357.0,82.0,82.0,82.0,82.0,82.0,230.0,230.0,230.0,8.0,8.0,149.0,68.0,142.0,142.0,177.0,349.0,69.0,357.0,357.0,132.0,65.0,0.0,90.0,90.0,45.0,45.0,45.0,103.0,3.0,180.0,180.0,289.0,289.0,40.0,332.0,312.0,340.0,53.0,40.0,40.0,158.0,158.0,158.0,158.0,351.0,351.0,351.0,268.0,268.0,268.0,34.0,34.0,34.0,217.0,76.0,76.0,76.0,278.0,17.0,17.0,37.0,26.0,26.0,207.0,207.0,207.0,233.0,110.0,219.3333333333333,219.3333333333333,318.0,304.0,135.0,135.0,135.0,217.0,319.0,319.0,42.0,5.0,5.0,5.0,252.0,252.0,252.0,252.0,9.0,9.0,9.0,9.0,9.0,198.0,198.0,198.0,0.0,338.0,338.0,68.0,6.0,6.0,6.0,340.0,303.0,290.0,303.0,196.0,196.0,326.0,275.0,157.0,319.0,319.0,319.0,285.0,285.0,0.0,0.0,329.0,329.0,0.0,354.0,85.0,85.0,85.0,96.0,84.0,84.0,84.0,99.0,60.0,60.0,60.0,28.0,28.0,28.0,107.0,107.0,141.0,141.0,141.0,141.0,125.0,125.0,67.0,67.0,283.0,283.0,277.0,150.0,119.0,212.0,169.0,87.0,250.0,40.0,40.0,241.0,60.0,283.0,283.0,298.0,298.0,233.0,261.0,212.0,151.0,151.0,43.0,132.0,211.0,18.0,268.0,231.0,48.0,62.0,40.0,164.0,60.0,53.0,0.0,67.0,252.0,303.0,166.0,109.0,109.0,88.0,14.0,0.0,14.0,65.0,65.0,108.0,352.0,93.0,79.0,156.0,156.0,156.0,222.0,53.0,62.0
2018,1,21,15,WIN_D_INST,16.0,349.0,60.0,16.0,349.0,48.0,48.0,48.0,141.0,141.0,141.0,141.0,9.0,9.0,9.0,9.0,67.0,67.0,63.0,63.0,67.0,26.0,26.0,86.0,86.0,51.0,51.0,51.0,22.0,22.0,272.0,340.0,340.0,99.0,315.0,315.0,315.0,315.0,315.0,56.0,56.0,56.0,56.0,56.0,56.0,0.0,0.0,248.0,248.0,1.0,189.0,182.0,135.0,204.0,340.0,340.0,340.0,340.0,340.0,340.0,340.0,340.0,312.0,9.0,312.0,9.0,9.0,12.0,12.0,12.0,295.0,357.0,296.0,296.0,296.0,312.0,0.0,195.0,195.0,195.0,177.0,260.0,219.0,266.0,266.0,219.0,219.0,75.0,351.0,34.0,20.0,20.0,31.0,149.0,153.0,141.0,141.0,141.0,141.0,260.0,210.0,210.0,354.0,354.0,359.0,359.0,359.0,39.0,39.0,39.0,71.0,71.0,76.0,209.0,209.0,193.0,85.0,180.0,167.0,219.0,250.0,5.0,14.0,126.0,270.0,258.0,312.0,312.0,191.0,191.0,191.0,191.0,159.0,159.0,101.0,101.0,34.0,34.0,34.0,9.0,9.0,9.0,9.0,9.0,9.0,9.0,99.0,99.0,99.0,315.0,315.0,315.0,179.0,179.0,179.0,179.0,179.0,150.0,150.0,150.0,0.0,0.0,62.0,1.0,156.0,156.0,120.66666666666669,349.0,71.0,111.0,111.0,158.0,28.0,174.0,132.0,132.0,79.0,79.0,79.0,290.0,354.0,188.0,188.0,267.0,267.0,230.0,332.0,6.0,338.0,87.0,164.0,164.0,212.0,212.0,212.0,212.0,3.0,3.0,3.0,79.0,79.0,79.0,82.0,82.0,82.0,259.0,343.0,343.0,343.0,357.0,65.0,65.0,130.0,14.0,14.0,230.0,230.0,230.0,236.0,290.0,259.0,259.0,211.0,318.0,28.0,28.0,28.0,200.0,302.0,302.0,90.0,22.0,22.0,22.0,275.0,275.0,275.0,275.0,348.0,348.0,348.0,348.0,348.0,272.0,272.0,272.0,20.0,23.0,23.0,28.0,170.0,170.0,170.0,306.0,51.0,174.0,51.0,196.0,196.0,167.0,264.0,187.0,305.0,305.0,305.0,289.0,289.0,14.0,14.0,354.0,354.0,0.0,290.0,343.0,343.0,343.0,20.0,127.0,127.0,127.0,94.0,91.0,91.0,91.0,196.0,196.0,196.0,90.0,90.0,146.0,146.0,146.0,146.0,68.0,68.0,122.0,122.0,3.0,3.0,334.0,71.0,96.0,181.0,161.0,171.0,73.0,230.0,230.0,41.0,290.0,280.0,186.0,275.0,275.0,158.0,354.0,176.0,153.0,153.0,48.0,158.0,191.0,349.0,79.0,160.0,357.0,149.0,230.0,99.0,91.0,356.0,155.0,86.0,210.0,51.0,147.0,182.0,182.0,135.0,20.0,351.0,20.0,159.0,28.0,75.0,354.0,245.0,85.0,122.0,122.0,122.0,330.0,34.0,149.0
2018,1,21,18,WIN_D_INST,37.0,52.0,80.0,37.0,52.0,105.0,105.0,105.0,90.0,90.0,90.0,90.0,12.0,12.0,12.0,12.0,60.0,60.0,101.0,101.0,60.0,64.0,64.0,57.0,57.0,10.0,10.0,10.0,326.0,326.0,147.0,34.0,34.0,213.0,68.0,68.0,68.0,68.0,68.0,37.0,37.0,37.0,37.0,37.0,37.0,306.0,306.0,211.0,211.0,284.0,319.0,274.0,187.0,194.0,3.0,3.0,3.0,3.0,3.0,3.0,3.0,3.0,352.0,359.0,352.0,359.0,359.0,241.0,241.0,241.0,284.0,306.0,316.0,316.0,316.0,352.0,36.0,220.0,220.0,220.0,278.0,258.0,213.3333333333333,127.0,127.0,213.3333333333333,213.3333333333333,100.0,326.0,73.0,70.0,70.0,70.0,219.0,143.0,139.0,139.0,139.0,139.0,76.0,323.0,323.0,334.0,334.0,18.0,18.0,18.0,31.0,31.0,31.0,79.0,79.0,352.0,266.0,266.0,307.0,312.0,340.0,278.0,193.0,292.0,341.0,250.0,285.0,307.0,255.0,48.0,48.0,172.0,172.0,172.0,172.0,17.0,17.0,339.0,339.0,0.0,0.0,0.0,28.0,28.0,28.0,28.0,28.0,28.0,28.0,213.0,213.0,213.0,68.0,68.0,68.0,156.0,156.0,156.0,156.0,156.0,119.0,119.0,119.0,214.0,214.0,8.0,305.0,221.0,221.0,86.66666666666667,349.0,24.0,94.0,94.0,177.0,290.0,158.0,191.0,191.0,65.0,65.0,65.0,253.0,304.0,76.0,76.0,215.0,215.0,172.0,349.0,104.0,348.0,124.0,145.0,145.0,99.0,99.0,99.0,99.0,96.0,96.0,96.0,265.0,265.0,265.0,275.0,275.0,275.0,239.0,278.0,278.0,278.0,326.0,23.0,23.0,340.0,340.0,340.0,226.0,226.0,226.0,326.0,149.0,222.0,222.0,228.0,256.0,37.0,37.0,37.0,295.0,313.0,313.0,121.0,300.0,300.0,300.0,283.0,283.0,283.0,283.0,104.0,104.0,104.0,104.0,104.0,227.0,227.0,227.0,31.0,14.0,14.0,91.0,269.0,269.0,269.0,147.0,150.0,219.0,150.0,88.0,88.0,179.33333333333334,204.0,155.0,324.0,324.0,324.0,207.0,207.0,0.0,0.0,6.0,6.0,6.0,8.0,317.0,317.0,317.0,31.0,127.0,127.0,127.0,306.0,340.0,340.0,340.0,71.0,71.0,71.0,326.0,326.0,307.0,307.0,307.0,307.0,173.0,173.0,135.0,135.0,20.0,20.0,98.0,336.0,54.0,215.0,183.0,172.0,79.0,172.0,172.0,247.0,291.0,241.0,193.0,272.0,272.0,174.0,292.0,145.0,91.0,91.0,65.0,177.0,172.0,52.0,265.0,115.0,306.0,219.0,172.0,213.0,340.0,260.0,217.0,57.0,323.0,150.0,213.0,274.0,274.0,187.0,70.0,326.0,70.0,17.0,290.0,106.0,42.0,287.0,312.0,134.0,134.0,134.0,153.0,73.0,219.0
2018,1,21,21,WIN_D_INST,62.0,105.0,71.0,62.0,105.0,99.0,99.0,99.0,288.0,288.0,288.0,288.0,8.0,8.0,8.0,8.0,54.0,54.0,20.0,20.0,54.0,111.0,111.0,89.0,89.0,38.0,38.0,38.0,45.0,45.0,210.0,351.0,351.0,20.0,54.0,54.0,54.0,54.0,54.0,34.0,34.0,34.0,34.0,34.0,34.0,326.0,326.0,267.0,267.0,156.0,294.0,334.0,319.0,266.0,207.0,207.0,207.0,207.0,207.0,207.0,207.0,207.0,3.0,1.0,3.0,1.0,1.0,20.0,20.0,20.0,145.0,131.0,317.0,317.0,317.0,3.0,334.0,264.0,264.0,264.0,240.0,264.0,262.0,148.0,148.0,262.0,262.0,328.0,323.0,68.0,326.0,326.0,122.0,149.0,140.0,53.0,53.0,53.0,53.0,273.0,65.0,65.0,343.0,343.0,9.0,9.0,9.0,39.0,39.0,39.0,23.0,23.0,79.0,239.0,239.0,261.0,62.0,343.0,317.0,278.0,284.0,182.0,318.0,286.0,315.0,244.0,68.0,68.0,298.0,298.0,298.0,298.0,173.0,173.0,341.0,341.0,0.0,0.0,0.0,11.0,11.0,11.0,11.0,11.0,11.0,11.0,20.0,20.0,20.0,54.0,54.0,54.0,130.0,130.0,130.0,130.0,130.0,215.0,215.0,215.0,14.0,14.0,45.0,314.0,213.0,213.0,160.66666666666666,11.0,49.0,354.0,354.0,197.0,179.0,20.0,135.0,135.0,9.0,9.0,9.0,118.0,270.0,129.0,129.0,172.0,172.0,252.0,239.0,107.0,331.0,17.0,111.0,111.0,316.0,316.0,316.0,316.0,153.0,153.0,153.0,270.0,270.0,270.0,334.0,334.0,334.0,31.0,304.0,304.0,304.0,269.0,107.0,107.0,9.0,340.0,340.0,195.0,195.0,195.0,222.0,295.0,312.0,312.0,287.0,315.0,34.0,34.0,34.0,312.0,293.0,293.0,207.3333333333333,358.0,358.0,358.0,255.0,255.0,255.0,255.0,171.0,171.0,171.0,171.0,171.0,198.0,198.0,198.0,34.0,39.0,39.0,74.0,349.0,349.0,349.0,306.0,264.0,236.0,264.0,133.0,133.0,269.0,88.0,87.0,328.0,328.0,328.0,212.0,212.0,345.0,345.0,45.0,45.0,11.0,278.0,351.0,351.0,351.0,91.0,96.0,96.0,96.0,146.33333333333334,23.0,23.0,23.0,77.0,77.0,77.0,270.0,270.0,329.0,329.0,329.0,329.0,136.0,136.0,170.0,170.0,72.66666666666667,72.66666666666667,123.0,138.0,261.0,246.0,173.0,9.0,101.0,252.0,252.0,66.0,335.0,314.0,196.0,230.0,230.0,186.0,210.66666666666663,204.0,95.0,95.0,17.0,197.0,298.0,105.0,270.0,259.0,131.0,149.0,252.0,20.0,23.0,219.0,318.0,89.0,65.0,264.0,252.0,334.0,334.0,319.0,326.0,323.0,326.0,173.0,179.0,259.0,56.0,342.0,62.0,124.0,124.0,124.0,313.0,68.0,149.0
2018,1,22,0,WIN_D_INST,52.0,13.0,66.0,52.0,13.0,108.0,108.0,108.0,107.0,107.0,107.0,107.0,37.0,37.0,37.0,37.0,55.0,55.0,104.0,104.0,55.0,228.0,228.0,81.0,81.0,63.0,63.0,63.0,37.0,37.0,224.0,334.0,334.0,14.0,26.0,26.0,26.0,26.0,26.0,37.0,37.0,37.0,37.0,37.0,37.0,357.0,357.0,278.0,278.0,276.0,290.0,308.0,335.0,230.0,20.0,20.0,20.0,20.0,20.0,20.0,20.0,20.0,329.0,26.0,329.0,26.0,26.0,82.0,82.0,82.0,259.0,330.0,115.0,115.0,115.0,329.0,0.0,294.0,294.0,294.0,300.0,292.0,316.0,115.0,115.0,316.0,316.0,315.0,357.0,82.0,340.0,340.0,329.0,172.0,146.0,139.0,139.0,139.0,139.0,257.0,357.0,357.0,343.0,343.0,355.0,355.0,355.0,28.0,28.0,28.0,9.0,9.0,172.0,272.0,272.0,284.0,99.0,323.0,312.0,296.0,295.0,19.0,23.0,9.0,346.0,168.0,205.0,205.0,307.0,307.0,307.0,307.0,153.0,153.0,84.0,84.0,323.0,323.0,323.0,6.0,6.0,6.0,6.0,6.0,6.0,6.0,14.0,14.0,14.0,26.0,26.0,26.0,241.0,241.0,241.0,241.0,241.0,40.0,40.0,40.0,62.0,62.0,42.0,277.0,210.0,210.0,178.0,329.0,219.0,34.0,34.0,152.0,129.0,3.0,338.0,338.0,11.0,11.0,11.0,109.0,338.0,191.0,191.0,92.0,92.0,89.0,0.0,73.0,327.0,69.33333333333333,225.0,225.0,346.0,346.0,346.0,346.0,184.0,184.0,184.0,291.0,291.0,291.0,68.0,68.0,68.0,68.0,191.0,191.0,191.0,258.0,68.0,68.0,317.0,3.0,3.0,43.0,43.0,43.0,113.0,264.0,284.0,284.0,253.0,270.0,326.0,326.0,326.0,197.0,293.0,293.0,329.0,13.0,13.0,13.0,244.0,244.0,244.0,244.0,291.0,291.0,291.0,291.0,291.0,255.0,255.0,255.0,3.0,23.0,23.0,82.0,165.66666666666666,165.66666666666666,165.66666666666666,116.0,334.0,135.0,334.0,91.0,91.0,37.0,60.0,123.0,328.0,328.0,328.0,193.0,193.0,314.0,314.0,300.0,300.0,6.0,346.0,326.0,326.0,326.0,28.0,76.0,76.0,76.0,88.0,295.0,295.0,295.0,43.0,43.0,43.0,62.0,62.0,312.0,312.0,312.0,312.0,178.66666666666666,178.66666666666666,111.0,111.0,181.0,181.0,314.0,16.0,142.0,225.0,277.0,231.0,87.0,89.0,89.0,73.0,310.0,318.0,121.0,272.0,272.0,208.0,275.0,184.3333333333333,53.333333333333336,53.333333333333336,320.0,152.0,307.0,13.0,291.0,239.0,330.0,172.0,89.0,14.0,295.0,329.0,53.0,81.0,357.0,334.0,46.0,308.0,308.0,335.0,340.0,357.0,340.0,153.0,129.0,80.0,45.0,334.0,99.0,195.0,195.0,195.0,34.0,82.0,172.0
2018,1,22,3,WIN_D_INST,55.0,44.0,88.0,55.0,44.0,77.0,77.0,77.0,335.0,335.0,335.0,335.0,22.0,22.0,22.0,22.0,105.0,105.0,107.0,107.0,105.0,86.0,86.0,138.0,138.0,70.0,70.0,70.0,83.0,83.0,201.0,332.0,332.0,6.0,0.0,0.0,0.0,0.0,0.0,17.0,17.0,17.0,17.0,17.0,17.0,332.0,332.0,230.0,230.0,283.0,285.0,270.0,227.0,248.0,20.0,20.0,20.0,20.0,20.0,20.0,20.0,20.0,319.0,27.0,319.0,27.0,27.0,72.0,72.0,72.0,277.0,318.0,48.0,48.0,48.0,319.0,221.0,328.0,328.0,328.0,311.0,356.0,67.0,60.0,60.0,67.0,67.0,27.0,45.0,56.0,0.0,0.0,34.0,8.0,179.0,106.0,106.0,106.0,106.0,52.0,62.0,62.0,3.0,3.0,4.0,4.0,4.0,62.0,62.0,62.0,28.0,28.0,11.0,321.0,321.0,334.0,111.0,6.0,334.0,320.0,314.0,357.0,326.0,334.0,354.0,44.0,233.0,233.0,293.0,293.0,293.0,293.0,65.0,65.0,96.0,96.0,159.0,159.0,159.0,3.0,3.0,3.0,3.0,3.0,3.0,3.0,6.0,6.0,6.0,0.0,0.0,0.0,235.0,235.0,235.0,235.0,235.0,0.0,0.0,0.0,42.0,42.0,62.0,93.0,113.0,113.0,160.0,326.0,47.0,74.0,74.0,276.0,141.0,20.0,20.0,20.0,6.0,6.0,6.0,105.0,290.0,338.0,338.0,37.0,37.0,110.0,65.0,20.0,341.0,93.66666666666669,343.0,343.0,225.0,225.0,225.0,225.0,190.0,190.0,190.0,270.0,270.0,270.0,315.0,315.0,315.0,53.0,143.0,143.0,143.0,283.0,42.0,42.0,332.0,349.0,349.0,341.0,341.0,341.0,231.0,315.0,287.0,287.0,346.0,0.0,23.0,23.0,23.0,37.0,90.0,90.0,357.0,67.0,67.0,67.0,303.0,303.0,303.0,303.0,43.0,43.0,43.0,43.0,43.0,196.0,196.0,196.0,14.0,14.0,14.0,54.0,26.0,26.0,26.0,88.0,99.0,132.0,99.0,150.0,150.0,213.0,346.0,141.0,312.0,312.0,312.0,143.0,143.0,118.0,118.0,43.0,43.0,351.0,278.0,233.3333333333333,233.3333333333333,233.3333333333333,62.0,53.0,53.0,53.0,79.0,60.0,60.0,60.0,68.0,68.0,68.0,121.0,121.0,315.0,315.0,315.0,315.0,233.0,233.0,250.0,250.0,43.0,43.0,280.0,160.0,62.0,35.0,204.0,144.0,93.0,110.0,110.0,107.0,330.0,264.0,64.0,68.0,68.0,293.0,252.0,190.0,170.0,170.0,255.0,276.0,293.0,44.0,270.0,262.0,318.0,8.0,110.0,6.0,60.0,119.0,205.0,138.0,62.0,99.0,239.0,270.0,270.0,227.0,0.0,45.0,0.0,65.0,141.0,23.0,23.0,22.0,111.0,200.0,200.0,200.0,44.0,56.0,8.0
2018,1,22,6,WIN_D_INST,49.0,12.0,107.0,49.0,12.0,111.0,111.0,111.0,180.0,180.0,180.0,180.0,32.0,32.0,32.0,32.0,115.0,115.0,182.0,182.0,115.0,329.0,329.0,200.0,200.0,94.0,94.0,94.0,111.0,111.0,105.0,317.0,317.0,346.0,26.0,26.0,26.0,26.0,26.0,31.0,31.0,31.0,31.0,31.0,31.0,6.0,6.0,291.0,291.0,257.0,16.0,245.0,221.0,259.0,179.0,179.0,179.0,179.0,179.0,179.0,179.0,179.0,345.0,342.0,345.0,342.0,342.0,330.0,330.0,330.0,82.0,219.0,313.0,313.0,313.0,345.0,197.0,335.0,335.0,335.0,322.0,355.0,4.0,3.0,3.0,4.0,4.0,56.0,9.0,84.0,28.0,28.0,37.0,352.0,176.0,339.0,339.0,339.0,339.0,75.0,0.0,0.0,334.0,334.0,51.0,51.0,51.0,31.0,31.0,31.0,351.0,351.0,332.0,40.0,40.0,13.0,105.0,332.0,275.0,302.0,317.0,355.0,45.0,357.0,349.0,85.0,315.0,315.0,225.0,225.0,225.0,225.0,249.0,249.0,84.0,84.0,0.0,0.0,0.0,23.0,23.0,23.0,23.0,23.0,23.0,23.0,346.0,346.0,346.0,26.0,26.0,26.0,275.0,275.0,275.0,275.0,275.0,249.0,249.0,249.0,51.0,51.0,62.0,164.0,184.0,184.0,180.0,309.0,78.0,74.0,74.0,349.0,65.0,31.0,0.0,0.0,17.0,17.0,17.0,117.0,290.0,304.0,304.0,87.0,87.0,80.0,76.0,37.0,235.0,236.0,45.0,45.0,150.0,150.0,150.0,150.0,196.0,196.0,196.0,224.0,224.0,224.0,269.0,269.0,269.0,309.0,338.0,338.0,338.0,292.0,346.0,346.0,349.0,281.0,281.0,16.0,16.0,16.0,233.0,250.0,332.0,332.0,357.0,42.0,160.0,160.0,160.0,62.0,78.0,78.0,8.0,58.0,58.0,58.0,111.0,111.0,111.0,111.0,51.0,51.0,51.0,51.0,51.0,312.0,312.0,312.0,20.0,25.0,25.0,40.0,57.0,57.0,57.0,108.0,105.0,191.0,105.0,65.0,65.0,45.0,119.0,108.0,18.0,18.0,18.0,96.0,96.0,200.0,200.0,119.0,119.0,71.0,45.0,102.0,102.0,102.0,26.0,70.0,70.0,70.0,85.0,105.0,105.0,105.0,306.0,306.0,306.0,321.0,321.0,129.0,129.0,129.0,129.0,262.0,262.0,256.0,256.0,130.0,130.0,270.0,208.0,326.0,63.0,44.0,331.0,256.0,80.0,80.0,201.0,114.0,287.0,49.0,0.0,0.0,338.0,340.0,122.0,334.0,334.0,142.0,349.0,225.0,12.0,224.0,250.0,219.0,352.0,80.0,346.0,105.0,273.0,270.0,200.0,0.0,105.0,246.0,245.0,245.0,221.0,28.0,9.0,28.0,249.0,65.0,11.0,357.0,28.0,105.0,166.0,166.0,166.0,45.0,84.0,352.0
2018,1,22,9,WIN_D_INST,107.0,96.0,127.0,107.0,96.0,227.0,227.0,227.0,168.0,168.0,168.0,168.0,18.0,18.0,18.0,18.0,102.0,102.0,198.0,198.0,102.0,309.0,309.0,232.0,232.0,108.0,108.0,108.0,45.0,45.0,326.0,26.0,26.0,133.0,292.0,292.0,292.0,292.0,292.0,42.0,42.0,42.0,42.0,42.0,42.0,62.0,62.0,338.0,338.0,258.0,6.0,263.0,216.0,294.0,221.0,221.0,221.0,221.0,221.0,221.0,221.0,221.0,337.0,35.0,337.0,35.0,35.0,226.0,226.0,226.0,122.0,329.0,83.0,83.0,83.0,337.0,265.0,337.0,337.0,337.0,332.0,3.0,347.0,4.0,4.0,347.0,347.0,65.0,34.0,68.0,8.0,8.0,28.0,28.0,181.0,237.0,237.0,237.0,237.0,152.0,68.0,68.0,26.0,26.0,345.0,345.0,345.0,28.0,28.0,28.0,357.0,357.0,53.0,48.0,48.0,69.0,68.0,281.0,281.0,239.0,322.0,343.0,45.0,7.0,346.0,90.0,8.0,8.0,264.0,264.0,264.0,264.0,258.0,258.0,109.0,109.0,303.0,303.0,303.0,351.0,351.0,351.0,351.0,351.0,351.0,351.0,133.0,133.0,133.0,292.0,292.0,292.0,261.0,261.0,261.0,261.0,261.0,281.0,281.0,281.0,42.0,42.0,42.0,136.0,31.0,31.0,151.0,323.0,66.0,0.0,0.0,84.0,96.0,25.0,354.0,354.0,34.0,34.0,34.0,119.0,214.0,115.0,115.0,66.0,66.0,79.0,132.0,357.0,54.0,264.0,34.0,34.0,168.0,168.0,168.0,168.0,357.0,357.0,357.0,296.0,296.0,296.0,159.0,159.0,159.0,28.0,3.0,3.0,3.0,258.0,51.0,51.0,317.0,349.0,349.0,351.0,351.0,351.0,236.0,315.0,20.0,20.0,42.0,3.0,143.0,143.0,143.0,59.0,62.0,62.0,17.0,103.0,103.0,103.0,111.0,111.0,111.0,111.0,45.0,45.0,45.0,45.0,45.0,28.0,28.0,28.0,28.0,23.0,23.0,88.0,40.0,40.0,40.0,162.0,173.0,323.0,173.0,354.0,354.0,20.0,102.0,122.0,2.0,2.0,2.0,49.0,49.0,37.0,37.0,136.0,136.0,164.0,307.0,108.0,108.0,108.0,6.0,307.0,307.0,307.0,82.0,48.0,48.0,48.0,238.0,238.0,238.0,17.0,17.0,143.0,143.0,143.0,143.0,95.0,95.0,304.0,304.0,133.0,133.0,66.0,18.0,269.0,69.0,24.0,6.0,121.0,79.0,79.0,177.0,104.0,291.0,203.0,320.0,320.0,309.0,17.0,334.0,314.0,314.0,357.0,84.0,264.0,96.0,296.0,208.0,329.0,28.0,79.0,133.0,48.0,234.66666666666663,188.0,232.0,68.0,173.0,345.0,263.0,263.0,216.0,8.0,34.0,8.0,258.0,96.0,359.0,28.0,34.0,68.0,221.0,221.0,221.0,19.0,68.0,28.0
2018,1,22,12,WIN_D_INST,87.0,105.0,112.0,87.0,105.0,201.0,201.0,201.0,228.0,228.0,228.0,228.0,7.0,7.0,7.0,7.0,52.0,52.0,159.66666666666666,159.66666666666666,52.0,324.0,324.0,247.0,247.0,150.0,150.0,150.0,120.0,120.0,357.0,303.0,303.0,193.0,0.0,0.0,0.0,0.0,0.0,31.0,31.0,31.0,31.0,31.0,31.0,14.0,14.0,67.0,67.0,275.0,345.0,11.0,33.0,15.0,131.66666666666666,131.66666666666666,131.66666666666666,131.66666666666666,131.66666666666666,131.66666666666666,131.66666666666666,131.66666666666666,37.0,63.0,37.0,63.0,63.0,159.0,159.0,159.0,70.0,322.0,64.0,64.0,64.0,37.0,76.0,351.0,351.0,351.0,357.0,13.0,276.0,112.0,112.0,276.0,276.0,88.0,334.0,298.0,357.0,357.0,323.0,321.0,154.0,199.0,199.0,199.0,199.0,285.0,54.0,54.0,17.0,17.0,8.0,8.0,8.0,65.0,65.0,65.0,0.0,0.0,34.0,39.0,39.0,64.0,82.0,326.0,85.0,61.0,303.0,12.0,48.0,30.0,349.0,70.0,281.0,281.0,31.0,31.0,31.0,31.0,199.66666666666663,199.66666666666663,113.0,113.0,317.0,317.0,317.0,3.0,3.0,3.0,3.0,3.0,3.0,3.0,193.0,193.0,193.0,0.0,0.0,0.0,181.0,181.0,181.0,181.0,181.0,238.0,238.0,238.0,37.0,37.0,65.0,144.0,23.0,23.0,48.0,8.0,189.0,334.0,334.0,17.0,318.0,346.0,338.0,338.0,243.0,243.0,243.0,38.0,3.0,169.0,169.0,132.0,132.0,78.0,298.0,132.0,223.0,3.0,45.0,45.0,187.0,187.0,187.0,187.0,354.0,354.0,354.0,278.0,278.0,278.0,91.0,91.0,91.0,332.0,352.0,352.0,352.0,289.0,42.0,42.0,252.0,150.0,150.0,358.0,358.0,358.0,203.0,14.0,6.0,6.0,205.0,340.0,138.0,138.0,138.0,42.0,40.0,40.0,28.0,0.0,0.0,0.0,88.0,88.0,88.0,88.0,340.0,340.0,340.0,340.0,340.0,26.0,26.0,26.0,57.0,31.0,31.0,85.0,37.0,37.0,37.0,190.0,125.0,28.0,125.0,37.0,37.0,232.3333333333333,224.0,98.0,24.0,24.0,24.0,51.0,51.0,45.0,45.0,170.0,170.0,238.0,259.0,113.0,113.0,113.0,300.0,301.0,301.0,301.0,343.0,269.0,269.0,269.0,88.0,88.0,88.0,321.0,321.0,233.0,233.0,233.0,233.0,145.0,145.0,306.0,306.0,11.0,11.0,71.0,47.0,117.33333333333331,202.0,75.0,301.0,48.0,78.0,78.0,149.0,60.0,286.0,189.0,31.0,31.0,93.0,68.0,332.0,269.0,269.0,23.0,17.0,31.0,105.0,278.0,222.0,322.0,321.0,78.0,193.0,269.0,111.33333333333331,323.0,247.0,54.0,125.0,359.0,11.0,11.0,33.0,357.0,334.0,357.0,199.66666666666663,318.0,16.0,250.0,17.0,82.0,119.0,119.0,119.0,82.0,298.0,321.0
2018,1,22,15,WIN_D_INST,91.0,87.0,97.0,91.0,87.0,266.0,266.0,266.0,309.0,309.0,309.0,309.0,38.0,38.0,38.0,38.0,91.0,91.0,359.0,359.0,91.0,321.0,321.0,355.0,355.0,338.0,338.0,338.0,116.0,116.0,28.0,283.0,283.0,111.0,357.0,357.0,357.0,357.0,357.0,96.0,96.0,96.0,96.0,96.0,96.0,334.0,334.0,24.0,24.0,23.0,95.0,35.0,42.0,11.0,340.0,340.0,340.0,340.0,340.0,340.0,340.0,340.0,340.0,127.0,340.0,127.0,127.0,179.0,179.0,179.0,270.0,202.0,147.0,147.0,147.0,340.0,83.0,29.0,29.0,29.0,358.0,345.0,15.0,127.0,127.0,15.0,15.0,89.0,337.0,276.0,197.0,197.0,286.0,262.0,165.66666666666666,63.0,63.0,63.0,63.0,137.0,20.0,20.0,3.0,3.0,327.0,327.0,327.0,62.0,62.0,62.0,357.0,357.0,295.0,50.0,50.0,60.0,65.0,107.0,68.0,76.0,212.0,7.0,158.0,294.0,23.0,69.0,323.0,323.0,31.0,31.0,31.0,31.0,28.0,28.0,6.0,6.0,309.0,309.0,309.0,11.0,11.0,11.0,11.0,11.0,11.0,11.0,111.0,111.0,111.0,357.0,357.0,357.0,162.0,162.0,162.0,162.0,162.0,6.0,6.0,6.0,31.0,31.0,31.0,341.0,323.0,323.0,246.0,51.0,254.0,31.0,31.0,172.0,0.0,228.0,332.0,332.0,51.0,51.0,51.0,357.0,326.0,180.0,180.0,148.0,148.0,76.0,194.0,93.0,261.0,312.0,26.0,26.0,168.0,168.0,168.0,168.0,337.0,337.0,337.0,25.0,25.0,25.0,79.0,79.0,79.0,45.0,56.0,56.0,56.0,309.0,73.0,73.0,3.0,181.0,181.0,274.0,274.0,274.0,239.0,315.0,323.0,323.0,338.0,20.0,343.0,343.0,343.0,113.0,79.0,79.0,6.0,16.0,16.0,16.0,82.0,82.0,82.0,82.0,336.0,336.0,336.0,336.0,336.0,116.0,116.0,116.0,43.0,20.0,20.0,65.0,28.0,28.0,28.0,34.0,0.0,20.0,0.0,306.0,306.0,91.0,168.33333333333334,98.0,329.0,329.0,329.0,121.0,121.0,329.0,329.0,54.0,54.0,300.0,290.0,187.0,187.0,187.0,213.0,281.0,281.0,281.0,317.0,281.0,281.0,281.0,105.0,105.0,105.0,3.0,3.0,138.0,138.0,138.0,138.0,131.0,131.0,12.0,12.0,6.0,6.0,86.0,0.0,184.0,201.0,287.0,353.0,293.0,76.0,76.0,329.0,72.0,283.0,201.0,23.0,23.0,158.0,20.0,298.0,299.0,299.0,334.0,172.0,31.0,87.0,25.0,118.0,202.0,262.0,76.0,111.0,281.0,353.0,323.0,355.0,20.0,0.0,44.0,35.0,35.0,42.0,197.0,337.0,197.0,28.0,0.0,24.0,293.0,36.0,65.0,76.0,76.0,76.0,70.0,276.0,262.0
2018,1,22,18,WIN_D_INST,111.0,101.0,63.0,111.0,101.0,317.0,317.0,317.0,355.0,355.0,355.0,355.0,344.0,344.0,344.0,344.0,120.0,120.0,81.0,81.0,120.0,324.0,324.0,3.0,3.0,20.0,20.0,20.0,66.0,66.0,68.0,298.0,298.0,139.0,235.0,235.0,235.0,235.0,235.0,90.0,90.0,90.0,90.0,90.0,90.0,329.0,329.0,73.0,73.0,12.0,75.0,43.0,43.0,51.0,221.0,221.0,221.0,221.0,221.0,221.0,221.0,221.0,51.0,239.0,51.0,239.0,239.0,198.0,198.0,198.0,176.66666666666666,244.0,320.0,320.0,320.0,51.0,97.0,35.0,35.0,35.0,4.0,350.0,5.0,133.0,133.0,5.0,5.0,113.0,48.0,113.0,233.0,233.0,170.0,253.0,140.0,153.0,153.0,153.0,153.0,272.0,54.0,54.0,11.0,11.0,2.0,2.0,2.0,31.0,31.0,31.0,0.0,0.0,309.0,36.0,36.0,69.0,128.0,96.0,37.0,54.0,93.0,356.0,318.0,334.0,42.0,71.0,113.0,113.0,8.0,8.0,8.0,8.0,320.0,320.0,79.0,79.0,309.0,309.0,309.0,346.0,346.0,346.0,346.0,346.0,346.0,346.0,139.0,139.0,139.0,235.0,235.0,235.0,139.0,139.0,139.0,139.0,139.0,164.0,164.0,164.0,48.0,48.0,98.0,336.0,43.0,43.0,151.0,25.0,326.0,151.66666666666666,151.66666666666666,354.0,287.0,154.66666666666666,160.0,160.0,77.0,77.0,77.0,19.0,31.0,152.0,152.0,157.0,157.0,89.0,121.0,188.0,317.0,326.0,357.0,357.0,99.0,99.0,99.0,99.0,329.0,329.0,329.0,15.0,15.0,15.0,88.0,88.0,88.0,42.0,107.0,107.0,107.0,283.0,121.0,121.0,283.0,68.0,68.0,217.0,217.0,217.0,217.0,73.0,352.0,352.0,177.0,8.0,183.0,183.0,183.0,93.0,168.0,168.0,340.0,44.0,44.0,44.0,125.0,125.0,125.0,125.0,342.0,342.0,342.0,342.0,342.0,23.0,23.0,23.0,11.0,20.0,20.0,60.0,31.0,31.0,31.0,159.0,79.0,349.0,79.0,0.0,0.0,0.0,207.0,85.0,0.0,0.0,0.0,90.0,90.0,17.0,17.0,28.0,28.0,354.0,318.0,102.0,102.0,102.0,207.0,270.0,270.0,270.0,269.0,320.0,320.0,320.0,60.0,60.0,60.0,253.0,253.0,163.0,163.0,163.0,163.0,115.0,115.0,302.0,302.0,77.0,77.0,73.0,346.0,99.0,169.0,264.0,241.0,290.0,89.0,89.0,353.0,109.0,177.0,36.0,43.0,43.0,160.0,113.0,232.0,205.0,205.0,306.0,354.0,8.0,101.0,15.0,217.0,244.0,253.0,89.0,139.0,320.0,286.6666666666667,352.0,3.0,54.0,79.0,61.0,43.0,43.0,43.0,233.0,48.0,233.0,320.0,287.0,27.0,346.0,13.0,128.0,101.0,101.0,101.0,45.0,113.0,253.0
2018,1,22,21,WIN_D_INST,86.0,91.0,49.0,86.0,91.0,334.0,334.0,334.0,318.0,318.0,318.0,318.0,304.0,304.0,304.0,304.0,78.0,78.0,210.0,210.0,78.0,313.0,313.0,1.0,1.0,14.0,14.0,14.0,81.0,81.0,20.0,0.0,0.0,198.0,261.0,261.0,261.0,261.0,261.0,70.0,70.0,70.0,70.0,70.0,70.0,320.0,320.0,34.0,34.0,29.0,90.0,6.0,6.0,28.0,317.0,317.0,317.0,317.0,317.0,317.0,317.0,317.0,17.0,316.0,17.0,316.0,316.0,75.0,75.0,75.0,148.33333333333334,9.0,309.0,309.0,309.0,17.0,31.0,11.0,11.0,11.0,355.0,2.0,41.0,116.0,116.0,41.0,41.0,73.0,337.0,25.0,136.0,136.0,300.0,239.0,143.0,149.0,149.0,149.0,149.0,217.0,320.0,320.0,11.0,11.0,35.0,35.0,35.0,28.0,28.0,28.0,6.0,6.0,335.0,35.0,35.0,45.0,94.0,104.0,85.0,62.0,87.0,224.0,309.0,321.0,31.0,69.0,343.0,343.0,48.0,48.0,48.0,48.0,247.0,247.0,87.0,87.0,147.0,147.0,147.0,343.0,343.0,343.0,343.0,343.0,343.0,343.0,198.0,198.0,198.0,261.0,261.0,261.0,133.0,133.0,133.0,133.0,133.0,133.0,133.0,133.0,31.0,31.0,65.0,136.0,34.0,34.0,283.0,45.0,63.0,281.0,281.0,166.0,84.0,219.3333333333333,113.0,113.0,147.0,147.0,147.0,43.0,349.0,79.0,79.0,191.0,191.0,99.0,93.0,188.0,62.0,56.0,74.0,74.0,29.0,29.0,29.0,29.0,300.0,300.0,300.0,6.0,6.0,6.0,323.0,323.0,323.0,68.0,163.0,163.0,163.0,272.0,118.0,118.0,232.0,266.0,266.0,241.0,241.0,241.0,149.0,48.0,62.0,62.0,304.0,34.0,329.0,329.0,329.0,354.0,121.66666666666669,121.66666666666669,39.0,319.0,319.0,319.0,79.0,79.0,79.0,79.0,283.0,283.0,283.0,283.0,283.0,11.0,11.0,11.0,60.0,11.0,11.0,85.0,11.0,11.0,11.0,0.0,0.0,42.0,0.0,48.0,48.0,20.0,79.0,47.0,357.0,357.0,357.0,74.0,74.0,159.0,159.0,37.0,37.0,11.0,318.0,244.66666666666663,244.66666666666663,244.66666666666663,234.3333333333333,234.3333333333333,234.3333333333333,234.3333333333333,263.3333333333333,281.0,281.0,281.0,26.0,26.0,26.0,156.33333333333334,156.33333333333334,315.0,315.0,315.0,315.0,109.0,109.0,133.0,133.0,85.0,85.0,261.0,345.0,139.0,219.0,316.0,287.0,96.0,99.0,99.0,4.0,160.0,222.0,190.0,0.0,0.0,82.0,125.0,167.0,330.0,330.0,45.0,166.0,48.0,91.0,6.0,110.0,9.0,239.0,99.0,198.0,281.0,340.0,346.0,1.0,320.0,0.0,13.0,6.0,6.0,6.0,136.0,337.0,136.0,247.0,84.0,239.0,318.0,22.0,94.0,116.0,116.0,116.0,239.0,25.0,239.0
2018,1,23,0,WIN_D_INST,77.0,101.0,108.0,77.0,101.0,272.0,272.0,272.0,284.0,284.0,284.0,284.0,113.0,113.0,113.0,113.0,106.0,106.0,277.0,277.0,106.0,265.0,265.0,56.0,56.0,6.0,6.0,6.0,71.0,71.0,334.0,130.0,130.0,190.0,74.0,74.0,74.0,74.0,74.0,93.0,93.0,93.0,93.0,93.0,93.0,23.0,23.0,61.0,61.0,26.0,74.0,40.0,34.0,30.0,48.0,48.0,48.0,48.0,48.0,48.0,48.0,48.0,331.0,355.0,331.0,355.0,355.0,65.0,65.0,65.0,54.0,32.0,37.0,37.0,37.0,331.0,58.0,311.0,311.0,311.0,306.0,249.0,31.0,150.0,150.0,31.0,31.0,87.0,20.0,82.0,23.0,23.0,283.0,289.6666666666667,168.0,62.0,62.0,62.0,62.0,292.0,11.0,11.0,329.0,329.0,7.0,7.0,7.0,70.0,70.0,70.0,289.0,289.0,87.0,46.0,46.0,43.0,74.0,113.0,102.0,58.0,93.0,232.0,0.0,336.0,56.0,78.0,242.0,242.0,73.0,73.0,73.0,73.0,147.0,147.0,4.0,4.0,258.0,258.0,258.0,346.0,346.0,346.0,346.0,346.0,346.0,346.0,190.0,190.0,190.0,74.0,74.0,74.0,176.0,176.0,176.0,176.0,176.0,57.0,57.0,57.0,53.0,53.0,82.0,286.0,31.0,31.0,177.0,42.0,118.0,0.0,0.0,321.0,146.0,176.0,163.0,163.0,45.0,45.0,45.0,358.0,11.0,101.0,101.0,234.0,234.0,101.0,264.0,259.0,87.0,87.0,340.0,340.0,204.0,204.0,204.0,204.0,241.0,241.0,241.0,12.0,12.0,12.0,349.0,349.0,349.0,245.0,31.0,31.0,31.0,275.0,124.0,124.0,289.0,227.0,227.0,220.0,220.0,220.0,267.0,68.0,65.0,65.0,219.0,3.0,335.0,335.0,335.0,76.0,63.333333333333336,63.333333333333336,87.0,13.0,13.0,13.0,79.0,79.0,79.0,79.0,314.0,314.0,314.0,314.0,314.0,113.0,113.0,113.0,60.0,17.0,17.0,77.0,62.0,62.0,62.0,247.0,283.0,20.0,283.0,26.0,26.0,298.0,74.0,356.0,300.0,300.0,300.0,157.0,157.0,161.0,161.0,60.0,60.0,37.0,293.0,346.0,346.0,346.0,337.0,93.0,93.0,93.0,222.0,43.0,43.0,43.0,102.0,102.0,102.0,101.0,101.0,309.0,309.0,309.0,309.0,159.0,159.0,102.0,102.0,88.0,88.0,281.0,0.0,164.0,87.0,298.0,318.0,84.0,101.0,101.0,9.0,281.0,0.0,162.0,23.0,23.0,101.0,128.0,181.0,294.0,294.0,48.0,321.0,73.0,101.0,12.0,228.0,32.0,289.6666666666667,101.0,190.0,43.0,18.0,309.0,56.0,11.0,283.0,44.0,40.0,40.0,34.0,23.0,20.0,23.0,147.0,146.0,205.0,200.0,12.0,74.0,124.0,124.0,124.0,323.0,82.0,289.6666666666667
2018,1,23,3,WIN_D_INST,89.0,173.0,99.0,89.0,173.0,317.0,317.0,317.0,297.0,297.0,297.0,297.0,64.0,64.0,64.0,64.0,162.0,162.0,144.0,144.0,162.0,341.0,341.0,269.0,269.0,33.0,33.0,33.0,88.0,88.0,346.0,238.0,238.0,303.0,6.0,6.0,6.0,6.0,6.0,6.0,6.0,6.0,6.0,6.0,6.0,334.0,334.0,56.0,56.0,37.0,75.0,73.0,49.0,45.0,43.0,43.0,43.0,43.0,43.0,43.0,43.0,43.0,347.0,299.0,347.0,299.0,299.0,113.0,113.0,113.0,47.0,28.0,52.0,52.0,52.0,347.0,56.0,322.0,322.0,322.0,326.0,291.0,22.0,87.0,87.0,22.0,22.0,51.0,281.0,70.0,163.0,163.0,323.0,309.0,157.0,132.0,132.0,132.0,132.0,77.0,57.0,57.0,292.0,292.0,30.0,30.0,30.0,298.0,298.0,298.0,351.0,351.0,298.0,48.0,48.0,42.0,77.0,70.0,54.0,42.0,208.0,350.0,349.0,334.0,42.0,121.0,242.0,242.0,222.0,222.0,222.0,222.0,179.0,179.0,278.0,278.0,20.0,20.0,20.0,334.0,334.0,334.0,334.0,334.0,334.0,334.0,303.0,303.0,303.0,6.0,6.0,6.0,218.0,218.0,218.0,218.0,218.0,247.0,247.0,247.0,76.0,76.0,48.0,235.0,43.0,43.0,233.0,48.0,64.0,312.0,312.0,211.0,270.0,41.333333333333336,174.0,174.0,9.0,9.0,9.0,86.0,352.0,70.0,70.0,0.0,0.0,117.0,152.0,205.0,51.0,17.0,14.0,14.0,139.0,139.0,139.0,139.0,252.0,252.0,252.0,333.0,333.0,333.0,37.0,37.0,37.0,219.0,6.0,6.0,6.0,334.0,87.0,87.0,289.0,315.0,315.0,276.0,276.0,276.0,270.0,39.0,79.0,79.0,73.0,357.0,152.0,152.0,152.0,39.0,83.0,83.0,0.0,9.0,9.0,9.0,51.0,51.0,51.0,51.0,35.0,35.0,35.0,35.0,35.0,162.0,162.0,162.0,88.0,59.0,59.0,74.0,9.0,9.0,9.0,317.0,334.0,354.0,334.0,48.0,48.0,20.0,111.0,352.0,352.0,352.0,352.0,53.0,53.0,108.0,108.0,77.0,77.0,105.0,79.0,71.0,71.0,71.0,45.0,219.3333333333333,219.3333333333333,219.3333333333333,165.33333333333334,286.0,286.0,286.0,65.0,65.0,65.0,276.0,276.0,146.0,146.0,146.0,146.0,106.0,106.0,129.0,129.0,77.0,77.0,278.0,339.0,102.0,67.0,315.0,338.0,143.0,117.0,117.0,9.0,242.0,235.0,28.0,346.0,346.0,87.0,133.0,102.0,248.0,248.0,326.0,211.0,222.0,173.0,333.0,250.0,28.0,309.0,117.0,303.0,286.0,57.0,323.0,269.0,57.0,334.0,41.0,73.0,73.0,49.0,163.0,281.0,163.0,179.0,270.0,339.0,309.0,46.0,77.0,195.0,195.0,195.0,352.0,70.0,309.0
2018,1,23,6,WIN_D_INST,188.0,165.0,250.0,188.0,165.0,326.0,326.0,326.0,280.0,280.0,280.0,280.0,44.0,44.0,44.0,44.0,121.0,121.0,141.0,141.0,121.0,305.0,305.0,295.0,295.0,322.0,322.0,322.0,0.0,0.0,281.0,238.0,238.0,300.0,272.0,272.0,272.0,272.0,272.0,14.0,14.0,14.0,14.0,14.0,14.0,346.0,346.0,58.0,58.0,27.0,110.0,33.0,22.0,31.0,48.0,48.0,48.0,48.0,48.0,48.0,48.0,48.0,341.0,6.0,341.0,6.0,6.0,120.0,120.0,120.0,42.0,25.0,73.0,73.0,73.0,341.0,347.0,328.0,328.0,328.0,324.0,310.0,77.0,330.0,330.0,77.0,77.0,67.0,332.0,14.0,82.0,82.0,142.0,304.0,169.0,149.0,149.0,149.0,149.0,56.0,37.0,37.0,320.0,320.0,331.0,331.0,331.0,332.0,332.0,332.0,334.0,334.0,329.0,42.0,42.0,54.0,153.0,56.0,119.0,74.0,347.0,336.0,326.0,345.0,31.0,119.0,309.0,309.0,245.0,245.0,245.0,245.0,74.0,74.0,110.0,110.0,332.0,332.0,332.0,309.0,309.0,309.0,309.0,309.0,309.0,309.0,300.0,300.0,300.0,272.0,272.0,272.0,244.0,244.0,244.0,244.0,244.0,249.0,249.0,249.0,45.0,45.0,65.0,178.0,31.0,31.0,128.0,343.0,102.0,190.0,190.0,166.0,225.0,31.0,42.0,42.0,88.0,88.0,88.0,99.0,17.0,79.0,79.0,87.0,87.0,52.0,152.0,174.0,69.0,242.0,23.0,23.0,143.0,143.0,143.0,143.0,210.0,210.0,210.0,302.0,302.0,302.0,79.0,79.0,79.0,304.0,318.0,318.0,318.0,306.0,149.0,149.0,295.0,286.0,286.0,275.0,275.0,275.0,250.0,65.0,56.0,56.0,79.0,34.0,124.0,124.0,124.0,143.0,78.0,78.0,346.0,10.0,10.0,10.0,71.0,71.0,71.0,71.0,24.0,24.0,24.0,24.0,24.0,85.0,85.0,85.0,170.0,14.0,14.0,79.0,0.0,0.0,0.0,329.0,332.0,20.0,332.0,0.0,0.0,0.0,128.0,2.0,323.0,323.0,323.0,344.0,344.0,134.0,134.0,26.0,26.0,116.0,65.0,334.0,334.0,334.0,34.0,225.0,225.0,225.0,128.0,113.0,113.0,113.0,62.0,62.0,62.0,107.0,107.0,143.0,143.0,143.0,143.0,114.0,114.0,124.0,124.0,354.0,354.0,114.0,8.0,113.0,62.0,14.0,187.0,146.0,52.0,52.0,355.0,291.0,104.0,355.0,62.0,62.0,84.0,130.0,122.0,300.0,300.0,326.0,166.0,245.0,165.0,302.0,276.0,25.0,304.0,52.0,300.0,113.0,49.0,318.0,295.0,37.0,332.0,49.0,33.0,33.0,22.0,82.0,332.0,82.0,74.0,225.0,3.0,357.0,315.0,153.0,193.0,193.0,193.0,319.0,14.0,304.0
2018,1,23,9,WIN_D_INST,158.0,193.0,174.0,158.0,193.0,275.0,275.0,275.0,275.0,275.0,275.0,275.0,3.0,3.0,3.0,3.0,136.0,136.0,133.0,133.0,136.0,331.0,331.0,243.0,243.0,278.0,278.0,278.0,90.0,90.0,326.0,230.0,230.0,286.0,213.0,213.0,213.0,213.0,213.0,346.0,346.0,346.0,346.0,346.0,346.0,337.0,337.0,56.0,56.0,36.0,81.0,60.0,56.0,22.0,43.0,43.0,43.0,43.0,43.0,43.0,43.0,43.0,17.0,18.0,17.0,18.0,18.0,100.0,100.0,100.0,74.0,39.0,25.0,25.0,25.0,17.0,250.0,325.0,325.0,325.0,309.0,328.0,5.0,38.0,38.0,5.0,5.0,74.0,26.0,79.0,343.0,343.0,255.0,309.0,138.0,95.0,95.0,95.0,95.0,86.0,349.0,349.0,255.0,255.0,346.0,346.0,346.0,39.0,39.0,39.0,11.0,11.0,51.0,97.0,97.0,98.0,159.0,231.0,119.0,83.0,3.0,297.0,17.0,341.0,14.0,68.0,211.0,211.0,197.0,197.0,197.0,197.0,43.0,43.0,95.0,95.0,312.0,312.0,312.0,357.0,357.0,357.0,357.0,357.0,357.0,357.0,286.0,286.0,286.0,213.0,213.0,213.0,261.0,261.0,261.0,261.0,261.0,306.0,306.0,306.0,42.0,42.0,343.0,151.0,31.0,31.0,206.0,349.0,79.0,20.0,20.0,107.0,73.0,79.0,349.0,349.0,40.0,40.0,40.0,86.0,340.0,129.0,129.0,110.0,110.0,80.0,146.0,65.0,83.0,270.0,37.0,37.0,209.0,209.0,209.0,209.0,156.0,156.0,156.0,245.0,245.0,245.0,162.0,162.0,162.0,276.0,14.0,14.0,14.0,317.0,152.0,152.0,317.0,289.0,289.0,275.0,275.0,275.0,338.0,65.0,51.0,51.0,56.0,82.0,118.0,118.0,118.0,98.0,53.0,53.0,14.0,29.0,29.0,29.0,57.0,57.0,57.0,57.0,24.0,24.0,24.0,24.0,24.0,9.0,9.0,9.0,31.0,42.0,42.0,88.0,23.0,23.0,23.0,323.0,337.0,42.0,337.0,51.0,51.0,357.0,62.0,357.0,312.0,312.0,312.0,279.0,279.0,130.0,130.0,17.0,17.0,139.0,53.0,79.0,79.0,79.0,31.0,56.0,56.0,56.0,340.0,71.0,71.0,71.0,3.0,3.0,3.0,53.0,53.0,146.0,146.0,146.0,146.0,137.0,137.0,213.0,213.0,334.0,334.0,117.0,291.0,94.0,68.0,159.0,190.0,115.0,80.0,80.0,320.0,247.0,277.0,321.0,9.0,9.0,53.0,204.0,91.0,314.0,314.0,88.0,107.0,197.0,193.0,245.0,248.0,39.0,309.0,80.0,286.0,71.0,54.0,312.0,243.0,349.0,337.0,55.0,60.0,60.0,56.0,343.0,26.0,343.0,43.0,73.0,300.0,343.0,31.0,159.0,186.0,186.0,186.0,306.0,79.0,309.0
2018,1,23,12,WIN_D_INST,219.0,212.0,234.0,219.0,212.0,215.0,215.0,215.0,289.0,289.0,289.0,289.0,295.0,295.0,295.0,295.0,106.0,106.0,315.0,315.0,106.0,324.0,324.0,246.0,246.0,20.0,20.0,20.0,123.0,123.0,332.0,125.0,125.0,255.0,74.0,74.0,74.0,74.0,74.0,73.0,73.0,73.0,73.0,73.0,73.0,28.0,28.0,59.0,59.0,32.0,81.0,42.0,46.0,17.0,71.0,71.0,71.0,71.0,71.0,71.0,71.0,71.0,29.0,339.0,29.0,339.0,339.0,49.0,49.0,49.0,66.0,18.0,26.0,26.0,26.0,29.0,59.0,347.0,347.0,347.0,349.0,322.0,305.0,76.0,76.0,305.0,305.0,89.0,354.0,39.0,39.0,39.0,28.0,3.0,130.0,185.0,185.0,185.0,185.0,102.0,0.0,0.0,303.0,303.0,30.0,30.0,30.0,82.0,82.0,82.0,14.0,14.0,37.0,43.0,43.0,75.0,91.0,143.0,94.0,102.0,41.0,278.0,3.0,40.0,45.0,106.0,281.0,281.0,219.0,219.0,219.0,219.0,241.0,241.0,81.0,81.0,292.0,292.0,292.0,65.0,65.0,65.0,65.0,65.0,65.0,65.0,255.0,255.0,255.0,74.0,74.0,74.0,190.0,190.0,190.0,190.0,190.0,272.0,272.0,272.0,56.0,56.0,42.0,239.0,20.0,20.0,238.0,45.0,56.0,105.0,105.0,110.0,37.0,42.0,39.0,39.0,20.0,20.0,20.0,83.0,48.0,34.0,34.0,151.0,151.0,82.0,45.0,354.0,3.0,0.0,11.0,11.0,210.0,210.0,210.0,210.0,340.0,340.0,340.0,327.0,327.0,327.0,136.0,136.0,136.0,124.0,8.0,8.0,8.0,278.0,70.0,70.0,247.0,261.0,261.0,235.66666666666663,235.66666666666663,235.66666666666663,203.0,28.0,53.0,53.0,56.0,48.0,132.0,132.0,132.0,96.0,58.0,58.0,42.0,279.0,279.0,279.0,68.0,68.0,68.0,68.0,351.0,351.0,351.0,351.0,351.0,54.0,54.0,54.0,34.0,17.0,17.0,74.0,9.0,9.0,9.0,326.0,334.0,14.0,334.0,37.0,37.0,20.0,136.0,340.0,308.0,308.0,308.0,215.0,215.0,192.0,192.0,11.0,11.0,303.0,79.0,105.0,105.0,105.0,17.0,256.0,256.0,256.0,281.0,3.0,3.0,3.0,45.0,45.0,45.0,62.0,62.0,186.0,186.0,186.0,186.0,163.0,163.0,109.0,109.0,312.0,312.0,250.0,16.0,99.0,93.0,52.0,314.0,76.0,82.0,82.0,208.0,55.0,337.0,20.0,326.0,326.0,101.0,108.0,156.0,328.0,328.0,122.0,110.0,219.0,212.0,327.0,250.0,18.0,3.0,82.0,255.0,3.0,47.0,152.0,246.0,0.0,334.0,61.0,42.0,42.0,46.0,39.0,354.0,39.0,241.0,37.0,277.0,343.0,56.0,91.0,140.0,140.0,140.0,303.0,39.0,3.0
2018,1,23,15,WIN_D_INST,226.0,328.0,211.66666666666663,226.0,328.0,292.0,292.0,292.0,238.0,238.0,238.0,238.0,303.0,303.0,303.0,303.0,168.0,168.0,265.0,265.0,168.0,30.0,30.0,257.0,257.0,209.0,209.0,209.0,110.0,110.0,315.0,102.0,102.0,306.0,213.0,213.0,213.0,213.0,213.0,76.0,76.0,76.0,76.0,76.0,76.0,96.0,96.0,58.0,58.0,62.0,101.0,55.0,34.0,325.0,45.0,45.0,45.0,45.0,45.0,45.0,45.0,45.0,341.0,350.0,341.0,350.0,350.0,54.0,54.0,54.0,55.0,26.0,34.0,34.0,34.0,341.0,49.0,347.0,347.0,347.0,337.0,268.0,39.0,237.0,237.0,39.0,39.0,82.0,9.0,68.0,45.0,45.0,11.0,34.0,174.0,64.0,64.0,64.0,64.0,119.0,332.0,332.0,264.0,264.0,72.0,72.0,72.0,163.0,163.0,163.0,309.0,309.0,37.0,46.0,46.0,77.0,159.0,84.0,65.0,56.0,95.0,246.0,82.0,287.0,79.0,53.0,211.0,211.0,143.0,143.0,143.0,143.0,28.0,28.0,325.0,325.0,275.0,275.0,275.0,249.0,249.0,249.0,249.0,249.0,249.0,249.0,306.0,306.0,306.0,213.0,213.0,213.0,198.0,198.0,198.0,198.0,198.0,258.0,258.0,258.0,48.0,48.0,62.0,279.0,28.0,28.0,220.0,68.0,50.0,137.0,137.0,200.0,31.0,11.0,6.0,6.0,9.0,9.0,9.0,89.0,346.0,34.0,34.0,200.0,200.0,77.0,129.0,39.0,332.0,115.0,54.0,54.0,162.0,162.0,162.0,162.0,346.0,346.0,346.0,63.0,63.0,63.0,130.0,130.0,130.0,208.0,135.0,135.0,135.0,289.0,84.0,84.0,317.0,281.0,281.0,232.0,232.0,232.0,146.0,107.0,76.0,76.0,53.0,68.0,121.0,121.0,121.0,14.0,65.0,65.0,315.0,13.0,13.0,13.0,62.0,62.0,62.0,62.0,6.0,6.0,6.0,6.0,6.0,3.0,3.0,3.0,28.0,20.0,20.0,105.0,14.0,14.0,14.0,269.0,334.0,25.0,334.0,37.0,37.0,26.0,88.0,6.0,308.0,308.0,308.0,17.0,17.0,77.0,77.0,60.0,60.0,142.0,70.0,269.0,269.0,269.0,23.0,273.0,273.0,273.0,0.0,34.0,34.0,34.0,99.0,99.0,99.0,321.0,321.0,188.0,188.0,188.0,188.0,149.0,149.0,118.0,118.0,289.0,289.0,297.0,319.0,68.0,53.0,296.0,233.0,290.0,77.0,77.0,154.0,112.0,238.0,224.0,141.66666666666666,141.66666666666666,96.0,82.0,252.0,242.0,242.0,190.0,200.0,143.0,328.0,63.0,270.0,26.0,34.0,77.0,306.0,34.0,60.0,340.0,257.0,332.0,334.0,49.0,55.0,55.0,34.0,45.0,9.0,45.0,28.0,31.0,267.0,236.0,5.0,159.0,143.0,143.0,143.0,324.0,68.0,34.0
2018,1,23,18,WIN_D_INST,264.0,285.0,318.0,264.0,285.0,224.0,224.0,224.0,308.0,308.0,308.0,308.0,99.0,99.0,99.0,99.0,222.0,222.0,114.33333333333331,114.33333333333331,222.0,23.0,23.0,254.0,254.0,210.0,210.0,210.0,130.0,130.0,337.0,116.0,116.0,17.0,334.0,334.0,334.0,334.0,334.0,82.0,82.0,82.0,82.0,82.0,82.0,159.0,159.0,59.0,59.0,60.0,97.0,68.0,59.0,39.0,45.0,45.0,45.0,45.0,45.0,45.0,45.0,45.0,12.0,334.0,12.0,334.0,334.0,43.0,43.0,43.0,68.0,24.0,349.0,349.0,349.0,12.0,53.0,338.0,338.0,338.0,287.0,294.0,94.0,98.0,98.0,94.0,94.0,92.0,357.0,79.0,39.0,39.0,346.0,62.0,170.0,102.0,102.0,102.0,102.0,227.0,354.0,354.0,210.0,210.0,357.0,357.0,357.0,59.0,59.0,59.0,340.0,340.0,79.0,38.0,38.0,66.0,82.0,107.0,77.0,69.0,99.0,255.0,129.0,235.0,51.0,46.0,73.0,73.0,177.0,177.0,177.0,177.0,68.0,68.0,292.0,292.0,306.0,306.0,306.0,0.0,0.0,0.0,0.0,0.0,0.0,0.0,17.0,17.0,17.0,334.0,334.0,334.0,173.0,173.0,173.0,173.0,173.0,269.0,269.0,269.0,39.0,39.0,42.0,204.0,23.0,23.0,149.0,73.0,38.0,306.0,306.0,228.0,281.0,346.0,343.0,343.0,31.0,31.0,31.0,107.0,349.0,79.0,79.0,239.0,239.0,96.0,101.0,104.0,51.0,62.0,9.0,9.0,89.0,89.0,89.0,89.0,309.0,309.0,309.0,62.0,62.0,62.0,111.0,111.0,111.0,155.0,146.0,146.0,146.0,298.0,115.0,115.0,303.0,329.0,329.0,200.0,200.0,200.0,242.0,79.0,82.0,82.0,79.0,70.0,138.0,138.0,138.0,48.0,61.0,61.0,42.0,21.0,21.0,21.0,91.0,91.0,91.0,91.0,353.0,353.0,353.0,353.0,353.0,357.0,357.0,357.0,11.0,0.0,0.0,62.0,24.33333333333333,24.33333333333333,24.33333333333333,272.0,337.0,25.0,337.0,354.0,354.0,17.0,96.0,345.0,326.0,326.0,326.0,30.0,30.0,105.0,105.0,74.0,74.0,133.0,98.0,261.0,261.0,261.0,45.0,256.0,256.0,256.0,190.0,349.0,349.0,349.0,108.0,108.0,108.0,315.0,315.0,118.0,118.0,118.0,118.0,122.0,122.0,140.0,140.0,71.0,71.0,287.0,32.0,94.0,97.0,166.0,321.0,101.0,96.0,96.0,206.0,103.0,98.0,188.0,158.0,158.0,82.0,102.0,198.0,323.0,323.0,351.0,228.0,177.0,285.0,62.0,262.0,24.0,62.0,96.0,17.0,349.0,33.0,98.0,254.0,354.0,337.0,48.0,68.0,68.0,59.0,39.0,357.0,39.0,68.0,281.0,243.0,250.0,48.333333333333336,82.0,177.0,177.0,177.0,328.0,79.0,62.0
2018,1,23,21,WIN_D_INST,250.0,219.0,260.0,250.0,219.0,340.0,340.0,340.0,326.0,326.0,326.0,326.0,313.0,313.0,313.0,313.0,294.0,294.0,45.0,45.0,294.0,32.0,32.0,270.0,270.0,340.0,340.0,340.0,118.33333333333331,118.33333333333331,0.0,94.0,94.0,357.0,0.0,0.0,0.0,0.0,0.0,73.0,73.0,73.0,73.0,73.0,73.0,329.0,329.0,62.0,62.0,61.0,79.0,79.0,51.0,24.0,48.0,48.0,48.0,48.0,48.0,48.0,48.0,48.0,344.0,332.0,344.0,332.0,332.0,123.0,123.0,123.0,57.0,23.0,18.0,18.0,18.0,344.0,112.0,349.0,349.0,349.0,253.0,299.0,62.0,108.0,108.0,62.0,62.0,59.0,227.66666666666663,90.0,28.0,28.0,329.0,357.0,167.0,41.0,41.0,41.0,41.0,264.0,34.0,34.0,315.0,315.0,194.0,194.0,194.0,62.0,62.0,62.0,320.0,320.0,104.0,35.0,35.0,61.0,125.0,90.0,88.0,51.0,130.0,270.0,124.0,292.0,39.0,86.0,290.0,290.0,205.0,205.0,205.0,205.0,111.0,111.0,167.0,167.0,312.0,312.0,312.0,23.0,23.0,23.0,23.0,23.0,23.0,23.0,357.0,357.0,357.0,0.0,0.0,0.0,167.0,167.0,167.0,167.0,167.0,241.0,241.0,241.0,39.0,39.0,45.0,157.0,20.0,20.0,299.0,98.0,48.0,139.0,139.0,14.0,301.0,128.66666666666666,28.0,28.0,6.0,6.0,6.0,98.0,3.0,45.0,45.0,117.0,117.0,89.0,73.0,118.0,54.0,332.0,0.0,0.0,134.0,134.0,134.0,134.0,241.0,241.0,241.0,31.0,31.0,31.0,62.0,62.0,62.0,90.0,134.0,134.0,134.0,283.0,113.0,113.0,238.0,298.0,298.0,209.0,209.0,209.0,287.0,79.0,68.0,68.0,59.0,53.0,146.0,146.0,146.0,98.0,66.0,66.0,3.0,14.0,14.0,14.0,57.0,57.0,57.0,57.0,355.0,355.0,355.0,355.0,355.0,94.0,94.0,94.0,278.0,6.0,6.0,71.0,11.0,11.0,11.0,300.0,332.0,48.0,332.0,9.0,9.0,40.0,150.0,347.0,317.0,317.0,317.0,30.0,30.0,131.0,131.0,94.0,94.0,119.0,68.0,116.0,116.0,116.0,249.0,284.0,284.0,284.0,275.0,0.0,0.0,0.0,43.0,43.0,43.0,326.0,326.0,138.0,138.0,138.0,138.0,138.0,138.0,117.0,117.0,51.0,51.0,182.0,40.0,96.0,94.0,238.0,313.0,73.0,89.0,89.0,52.0,103.0,326.0,188.0,94.0,94.0,141.0,51.0,176.0,206.0,206.0,241.0,14.0,205.0,219.0,31.0,253.0,23.0,357.0,89.0,357.0,0.0,50.0,48.0,270.0,34.0,332.0,60.0,79.0,79.0,51.0,28.0,227.66666666666663,28.0,111.0,301.0,315.0,124.0,50.0,125.0,181.0,181.0,181.0,191.0,90.0,357.0
2018,1,24,0,WIN_D_INST,175.0,105.0,287.0,175.0,105.0,230.0,230.0,230.0,222.0,222.0,222.0,222.0,319.0,319.0,319.0,319.0,35.0,35.0,33.0,33.0,35.0,53.0,53.0,235.0,235.0,81.0,81.0,81.0,157.0,157.0,323.0,94.0,94.0,357.0,326.0,326.0,326.0,326.0,326.0,84.0,84.0,84.0,84.0,84.0,84.0,14.0,14.0,62.0,62.0,60.0,86.0,79.0,58.0,324.0,48.0,48.0,48.0,48.0,48.0,48.0,48.0,48.0,27.0,359.0,27.0,359.0,359.0,62.0,62.0,62.0,54.0,26.0,335.0,335.0,335.0,27.0,74.0,357.0,357.0,357.0,316.0,286.0,75.0,90.0,90.0,75.0,75.0,41.0,224.0,143.0,158.0,158.0,255.0,3.0,173.0,214.0,214.0,214.0,214.0,290.0,343.0,343.0,57.0,57.0,293.0,293.0,293.0,82.0,82.0,82.0,17.0,17.0,253.0,21.0,21.0,31.0,85.0,98.0,96.0,58.0,132.0,261.0,135.0,252.0,115.0,59.0,222.0,222.0,8.0,8.0,8.0,8.0,65.0,65.0,333.0,333.0,224.0,224.0,224.0,300.0,300.0,300.0,300.0,300.0,300.0,300.0,357.0,357.0,357.0,326.0,326.0,326.0,190.0,190.0,190.0,190.0,190.0,275.0,275.0,275.0,45.0,45.0,90.0,165.0,3.0,3.0,241.0,42.0,65.0,164.33333333333334,164.33333333333334,321.0,293.0,140.0,229.66666666666663,229.66666666666663,3.0,3.0,3.0,84.0,343.0,59.0,59.0,162.0,162.0,99.0,309.0,323.0,34.0,79.0,11.0,11.0,134.0,134.0,134.0,134.0,317.0,317.0,317.0,212.0,212.0,212.0,193.0,193.0,193.0,180.0,270.6666666666667,270.6666666666667,270.6666666666667,281.0,28.0,28.0,34.0,264.0,264.0,209.0,209.0,209.0,259.0,84.0,65.0,65.0,48.0,68.0,155.0,155.0,155.0,25.0,62.0,62.0,63.66666666666666,333.0,333.0,333.0,113.0,113.0,113.0,113.0,11.0,11.0,11.0,11.0,11.0,54.0,54.0,54.0,215.0,346.0,346.0,60.0,48.0,48.0,48.0,0.0,17.0,8.0,17.0,343.0,343.0,9.0,85.0,347.0,337.0,337.0,337.0,36.0,36.0,105.0,105.0,258.0,258.0,111.0,62.0,111.0,111.0,111.0,357.0,298.0,298.0,298.0,295.0,133.0,133.0,133.0,31.0,31.0,31.0,338.0,338.0,149.0,149.0,149.0,149.0,144.0,144.0,120.0,120.0,77.0,77.0,312.0,351.0,162.0,107.0,310.0,342.0,79.0,99.0,99.0,166.0,296.0,29.0,190.0,54.0,54.0,160.0,354.0,71.0,297.0,297.0,235.0,321.0,8.0,105.0,212.0,242.0,26.0,3.0,99.0,357.0,133.0,83.0,104.0,235.0,343.0,17.0,29.0,79.0,79.0,58.0,158.0,224.0,158.0,65.0,293.0,254.0,259.0,90.0,85.0,189.0,189.0,189.0,181.0,143.0,3.0
2018,1,24,3,WIN_D_INST,7.0,300.0,52.0,7.0,300.0,261.0,261.0,261.0,91.0,91.0,91.0,91.0,335.0,335.0,335.0,335.0,92.0,92.0,118.0,118.0,92.0,104.0,104.0,323.0,323.0,68.0,68.0,68.0,141.0,141.0,334.0,96.0,96.0,298.0,34.0,34.0,34.0,34.0,34.0,17.0,17.0,17.0,17.0,17.0,17.0,31.0,31.0,57.0,57.0,35.0,71.0,41.0,61.0,25.0,62.0,62.0,62.0,62.0,62.0,62.0,62.0,62.0,24.0,2.0,24.0,2.0,2.0,16.0,16.0,16.0,76.0,42.0,355.0,355.0,355.0,24.0,71.0,344.0,344.0,344.0,346.0,272.0,68.0,118.0,118.0,68.0,68.0,88.0,252.0,113.0,188.0,188.0,96.0,31.0,171.0,161.0,161.0,161.0,161.0,63.0,3.0,3.0,170.0,170.0,193.0,193.0,193.0,352.0,352.0,352.0,34.0,34.0,146.0,48.0,48.0,67.0,145.0,132.0,88.0,81.0,174.0,22.0,349.0,332.0,98.0,59.0,250.0,250.0,132.0,132.0,132.0,132.0,351.0,351.0,91.0,91.0,275.0,275.0,275.0,349.0,349.0,349.0,349.0,349.0,349.0,349.0,298.0,298.0,298.0,34.0,34.0,34.0,204.0,204.0,204.0,204.0,204.0,283.0,283.0,283.0,42.0,42.0,42.0,136.0,340.0,340.0,245.0,65.0,51.0,48.0,48.0,290.0,301.0,55.66666666666666,318.0,318.0,0.0,0.0,0.0,89.0,20.0,56.0,56.0,23.0,23.0,103.0,98.0,65.0,337.0,53.0,9.0,9.0,188.0,188.0,188.0,188.0,65.0,65.0,65.0,63.0,63.0,63.0,111.0,111.0,111.0,304.0,340.0,340.0,340.0,306.0,68.0,68.0,193.0,232.0,232.0,25.0,25.0,25.0,259.0,96.0,98.0,98.0,51.0,62.0,149.0,149.0,149.0,104.0,66.0,66.0,146.0,18.0,18.0,18.0,43.0,43.0,43.0,43.0,333.0,333.0,333.0,333.0,333.0,28.0,28.0,28.0,337.0,338.0,338.0,45.0,48.0,48.0,48.0,26.0,315.0,42.0,315.0,11.0,11.0,28.0,88.0,294.0,267.0,267.0,267.0,0.0,0.0,126.0,126.0,43.0,43.0,96.0,98.0,111.0,111.0,111.0,3.0,68.0,68.0,68.0,289.0,96.0,96.0,96.0,82.0,82.0,82.0,335.0,335.0,158.0,158.0,158.0,158.0,145.0,145.0,126.0,126.0,6.0,6.0,289.0,326.0,125.0,77.0,10.0,320.0,124.0,103.0,103.0,80.0,293.0,134.0,22.0,51.0,51.0,59.0,48.0,91.0,316.0,316.0,99.0,290.0,132.0,300.0,63.0,245.0,42.0,31.0,103.0,298.0,96.0,93.0,129.0,323.0,3.0,315.0,67.0,41.0,41.0,61.0,188.0,252.0,188.0,351.0,301.0,14.0,262.0,119.0,145.0,200.0,200.0,200.0,314.0,113.0,31.0
2018,1,24,6,WIN_D_INST,80.0,140.0,135.0,80.0,140.0,317.0,317.0,317.0,141.0,141.0,141.0,141.0,79.0,79.0,79.0,79.0,157.0,157.0,83.0,83.0,157.0,331.0,331.0,7.0,7.0,47.0,47.0,47.0,203.0,203.0,320.0,147.0,147.0,249.0,275.0,275.0,275.0,275.0,275.0,39.0,39.0,39.0,39.0,39.0,39.0,3.0,3.0,60.0,60.0,38.0,74.0,71.0,66.0,19.0,68.0,68.0,68.0,68.0,68.0,68.0,68.0,68.0,357.0,16.0,357.0,16.0,16.0,63.0,63.0,63.0,71.0,38.0,12.0,12.0,12.0,357.0,57.0,7.0,7.0,7.0,10.0,353.0,215.0,120.0,120.0,215.0,215.0,104.0,102.0,149.0,101.0,101.0,82.0,84.0,198.0,32.0,32.0,32.0,32.0,87.0,68.0,68.0,113.0,113.0,26.0,26.0,26.0,6.0,6.0,6.0,0.0,0.0,8.0,109.0,109.0,77.0,159.0,93.0,91.0,51.0,27.0,3.0,65.0,5.0,3.0,147.0,245.0,245.0,256.0,256.0,256.0,256.0,20.0,20.0,112.0,112.0,272.0,272.0,272.0,37.0,37.0,37.0,37.0,37.0,37.0,37.0,249.0,249.0,249.0,275.0,275.0,275.0,235.0,235.0,235.0,235.0,235.0,283.0,283.0,283.0,53.0,53.0,107.0,148.0,11.0,11.0,193.0,68.0,82.0,74.0,74.0,290.0,51.0,82.0,68.0,68.0,20.0,20.0,20.0,83.0,0.0,93.0,93.0,43.0,43.0,88.0,82.0,228.0,251.0,174.0,45.0,45.0,168.0,168.0,168.0,168.0,215.0,215.0,215.0,163.0,163.0,163.0,181.0,181.0,181.0,248.0,233.0,233.0,233.0,343.0,82.0,82.0,329.0,210.0,210.0,215.0,215.0,215.0,273.0,45.0,51.0,51.0,48.0,76.0,152.0,152.0,152.0,20.0,24.0,24.0,177.0,7.0,7.0,7.0,68.0,68.0,68.0,68.0,44.0,44.0,44.0,44.0,44.0,62.0,62.0,62.0,85.0,68.0,68.0,60.0,51.0,51.0,51.0,51.0,45.0,11.0,45.0,351.0,351.0,20.0,77.0,297.0,321.0,321.0,321.0,19.0,19.0,71.0,71.0,88.0,88.0,14.0,152.0,105.0,105.0,105.0,54.0,287.0,287.0,287.0,43.0,91.0,91.0,91.0,37.0,37.0,37.0,326.0,326.0,160.0,160.0,160.0,160.0,169.0,169.0,113.0,113.0,71.0,71.0,211.0,73.0,74.0,87.0,40.0,142.0,87.0,88.0,88.0,357.0,300.0,243.0,314.0,34.0,34.0,107.0,145.0,108.0,293.0,293.0,54.0,290.0,256.0,140.0,163.0,293.0,38.0,84.0,88.0,249.0,91.0,76.0,45.0,7.0,68.0,45.0,33.0,71.0,71.0,66.0,101.0,102.0,101.0,20.0,51.0,80.0,290.0,33.0,159.0,189.0,189.0,189.0,344.0,149.0,84.0
2018,1,24,9,WIN_D_INST,163.0,173.0,137.0,163.0,173.0,111.0,111.0,111.0,130.0,130.0,130.0,130.0,111.0,111.0,111.0,111.0,137.0,137.0,134.0,134.0,137.0,41.0,41.0,202.0,202.0,91.0,91.0,91.0,66.0,66.0,340.0,221.0,221.0,136.0,312.0,312.0,312.0,312.0,312.0,59.0,59.0,59.0,59.0,59.0,59.0,340.0,340.0,65.0,65.0,67.0,94.0,62.0,74.0,44.0,20.0,20.0,20.0,20.0,20.0,20.0,20.0,20.0,2.0,9.0,2.0,9.0,9.0,60.0,60.0,60.0,102.0,23.0,15.0,15.0,15.0,2.0,51.0,12.0,12.0,12.0,320.0,348.0,67.0,130.0,130.0,67.0,67.0,89.0,343.0,59.0,48.0,48.0,60.0,62.0,171.0,31.0,31.0,31.0,31.0,120.0,37.0,37.0,122.0,122.0,43.0,43.0,43.0,62.0,62.0,62.0,349.0,349.0,129.0,34.0,34.0,50.0,317.0,118.0,54.0,77.0,50.0,25.0,110.0,37.0,82.0,99.0,278.0,278.0,31.0,31.0,31.0,31.0,196.0,196.0,89.0,89.0,323.0,323.0,323.0,48.0,48.0,48.0,48.0,48.0,48.0,48.0,136.0,136.0,136.0,312.0,312.0,312.0,261.0,261.0,261.0,261.0,261.0,283.0,283.0,283.0,82.0,82.0,68.0,131.0,8.0,8.0,220.0,68.0,76.0,105.0,105.0,307.0,332.0,51.0,42.0,42.0,17.0,17.0,17.0,72.0,149.0,98.0,98.0,56.0,56.0,74.0,79.0,53.0,49.0,70.0,43.0,43.0,181.0,181.0,181.0,181.0,105.0,105.0,105.0,293.0,293.0,293.0,153.0,153.0,153.0,267.0,96.0,96.0,96.0,6.0,53.0,53.0,346.0,230.0,230.0,338.0,338.0,338.0,290.0,93.0,93.0,93.0,68.0,76.0,138.0,138.0,138.0,87.0,62.0,62.0,113.0,22.0,22.0,22.0,113.0,113.0,113.0,113.0,10.0,10.0,10.0,10.0,10.0,17.0,17.0,17.0,37.0,34.0,34.0,85.0,51.0,51.0,51.0,139.0,31.0,56.0,31.0,351.0,351.0,34.0,99.0,333.0,317.0,317.0,317.0,53.0,53.0,153.0,153.0,119.0,119.0,326.0,87.0,96.0,96.0,96.0,17.0,65.0,65.0,65.0,68.0,23.0,23.0,23.0,28.0,28.0,28.0,39.0,39.0,135.0,135.0,135.0,135.0,126.0,126.0,122.0,122.0,9.0,9.0,147.0,344.0,74.0,106.0,342.0,2.0,160.0,74.0,74.0,219.3333333333333,293.0,179.0,4.0,349.0,349.0,98.0,130.0,122.0,315.0,315.0,54.0,307.0,31.0,173.0,293.0,259.0,23.0,62.0,74.0,136.0,23.0,79.0,352.0,202.0,37.0,31.0,61.0,62.0,62.0,74.0,48.0,343.0,48.0,196.0,332.0,72.0,323.0,48.0,317.0,195.0,195.0,195.0,52.0,59.0,62.0
2018,1,24,12,WIN_D_INST,266.0,147.0,82.0,266.0,147.0,193.0,193.0,193.0,130.0,130.0,130.0,130.0,310.0,310.0,310.0,310.0,109.0,109.0,351.0,351.0,109.0,85.0,85.0,238.0,238.0,142.0,142.0,142.0,32.0,32.0,354.0,337.0,337.0,125.0,85.0,85.0,85.0,85.0,85.0,37.0,37.0,37.0,37.0,37.0,37.0,57.0,57.0,77.0,77.0,55.0,100.0,103.0,88.0,38.0,48.0,48.0,48.0,48.0,48.0,48.0,48.0,48.0,339.0,335.0,339.0,335.0,335.0,41.0,41.0,41.0,102.0,46.0,336.0,336.0,336.0,339.0,81.0,16.0,16.0,16.0,336.0,1.0,123.0,116.0,116.0,123.0,123.0,102.0,26.0,56.0,62.0,62.0,31.0,17.0,164.0,21.0,21.0,21.0,21.0,156.0,34.0,34.0,60.0,60.0,58.0,58.0,58.0,79.0,79.0,79.0,343.0,343.0,104.0,85.0,85.0,114.0,91.0,110.0,94.0,124.0,86.0,14.0,127.0,59.0,0.0,103.0,56.0,56.0,31.0,31.0,31.0,31.0,198.0,198.0,7.0,7.0,0.0,0.0,0.0,113.0,113.0,113.0,113.0,113.0,113.0,113.0,125.0,125.0,125.0,85.0,85.0,85.0,193.0,193.0,193.0,193.0,193.0,269.0,269.0,269.0,62.0,62.0,51.0,133.0,12.0,12.0,279.0,98.0,61.0,68.0,68.0,42.0,51.0,42.0,56.0,56.0,340.0,340.0,340.0,94.0,84.0,65.0,65.0,148.0,148.0,80.0,124.0,354.0,98.0,3.0,20.0,20.0,181.0,181.0,181.0,181.0,346.0,346.0,346.0,44.0,44.0,44.0,153.0,153.0,153.0,143.0,304.0,304.0,304.0,167.0,87.0,87.0,0.0,68.0,68.0,158.0,158.0,158.0,270.0,107.0,68.0,68.0,48.0,68.0,93.0,93.0,93.0,56.0,66.0,66.0,127.0,14.0,14.0,14.0,79.0,79.0,79.0,79.0,23.0,23.0,23.0,23.0,23.0,11.0,11.0,11.0,45.0,6.0,6.0,74.0,57.0,57.0,57.0,156.0,54.0,31.0,54.0,23.0,23.0,40.0,62.0,333.0,334.0,334.0,334.0,307.0,307.0,72.0,72.0,113.0,113.0,125.0,132.0,130.0,130.0,130.0,17.0,70.0,70.0,70.0,31.0,37.0,37.0,37.0,85.0,85.0,85.0,346.0,346.0,326.0,326.0,326.0,326.0,88.0,88.0,105.0,105.0,255.0,255.0,251.0,352.0,74.0,103.0,177.0,353.0,293.0,80.0,80.0,101.0,320.0,263.0,354.0,37.0,37.0,51.0,54.0,128.0,309.0,309.0,43.0,42.0,31.0,147.0,44.0,242.0,46.0,17.0,80.0,125.0,37.0,84.0,23.0,238.0,34.0,54.0,60.0,103.0,103.0,88.0,62.0,26.0,62.0,198.0,51.0,11.0,349.0,57.0,91.0,183.0,183.0,183.0,74.0,56.0,17.0
2018,1,24,15,WIN_D_INST,287.0,100.0,67.0,287.0,100.0,235.0,235.0,235.0,340.0,340.0,340.0,340.0,316.0,316.0,316.0,316.0,114.0,114.0,274.0,274.0,114.0,170.0,170.0,253.0,253.0,151.0,151.0,151.0,81.0,81.0,323.0,116.0,116.0,159.0,173.0,173.0,173.0,173.0,173.0,59.0,59.0,59.0,59.0,59.0,59.0,320.0,320.0,50.0,50.0,51.0,128.0,75.0,77.0,47.0,48.0,48.0,48.0,48.0,48.0,48.0,48.0,48.0,344.0,326.0,344.0,326.0,326.0,33.0,33.0,33.0,66.0,8.0,352.0,352.0,352.0,344.0,95.0,14.0,14.0,14.0,35.0,44.0,144.0,96.0,96.0,144.0,144.0,76.0,54.0,56.0,68.0,68.0,57.0,34.0,187.0,41.0,41.0,41.0,41.0,142.0,337.0,337.0,0.0,0.0,58.0,58.0,58.0,70.0,70.0,70.0,354.0,354.0,53.0,39.0,39.0,71.0,105.0,191.0,153.0,88.0,129.0,49.0,20.0,19.0,56.0,83.0,62.0,62.0,34.0,34.0,34.0,34.0,247.0,247.0,18.0,18.0,312.0,312.0,312.0,119.0,119.0,119.0,119.0,119.0,119.0,119.0,159.0,159.0,159.0,173.0,173.0,173.0,235.0,235.0,235.0,235.0,235.0,249.0,249.0,249.0,31.0,31.0,65.0,138.0,15.333333333333334,15.333333333333334,229.0,93.0,40.0,17.0,17.0,141.0,349.0,51.0,25.0,25.0,11.0,11.0,11.0,353.0,203.0,53.0,53.0,242.0,242.0,75.0,51.0,0.0,335.0,177.0,37.0,37.0,158.0,158.0,158.0,158.0,329.0,329.0,329.0,50.0,50.0,50.0,164.0,164.0,164.0,73.0,51.0,51.0,51.0,300.0,68.0,68.0,349.0,157.0,157.0,220.0,220.0,220.0,270.0,101.0,84.0,84.0,61.333333333333336,53.0,352.0,352.0,352.0,73.0,45.0,45.0,352.0,15.0,15.0,15.0,68.0,68.0,68.0,68.0,20.0,20.0,20.0,20.0,20.0,74.0,74.0,74.0,37.0,23.0,23.0,68.0,60.0,60.0,60.0,74.0,43.0,53.0,43.0,354.0,354.0,28.0,96.0,329.0,331.0,331.0,331.0,28.0,28.0,86.0,86.0,108.0,108.0,139.0,129.0,105.0,105.0,105.0,9.0,62.0,62.0,62.0,77.0,37.0,37.0,37.0,102.0,102.0,102.0,42.0,42.0,174.0,174.0,174.0,174.0,125.0,125.0,65.0,65.0,79.0,79.0,75.0,198.0,65.0,101.0,297.0,269.0,68.0,75.0,75.0,91.0,299.0,185.0,284.0,23.0,23.0,82.0,329.0,71.0,161.0,161.0,37.0,141.0,34.0,100.0,50.0,323.0,8.0,34.0,75.0,159.0,37.0,74.0,155.0,253.0,337.0,43.0,42.0,75.0,75.0,77.0,68.0,54.0,68.0,247.0,349.0,61.0,338.0,92.0,105.0,170.0,170.0,170.0,107.0,56.0,34.0
2018,1,24,18,WIN_D_INST,313.0,267.0,336.0,313.0,267.0,266.0,266.0,266.0,341.0,341.0,341.0,341.0,329.0,329.0,329.0,329.0,115.0,115.0,295.0,295.0,115.0,343.0,343.0,152.0,152.0,164.0,164.0,164.0,115.0,115.0,351.0,111.0,111.0,136.0,85.0,85.0,85.0,85.0,85.0,65.0,65.0,65.0,65.0,65.0,65.0,23.0,23.0,65.0,65.0,16.0,92.0,59.0,39.0,15.0,40.0,40.0,40.0,40.0,40.0,40.0,40.0,40.0,7.0,310.0,7.0,310.0,310.0,158.0,158.0,158.0,52.0,356.0,5.0,5.0,5.0,7.0,85.0,64.0,64.0,64.0,47.0,68.0,132.0,73.0,73.0,132.0,132.0,77.0,343.0,73.0,70.0,70.0,82.0,56.0,188.0,56.0,56.0,56.0,56.0,108.0,26.0,26.0,3.0,3.0,354.0,354.0,354.0,45.0,45.0,45.0,334.0,334.0,73.0,40.0,40.0,36.0,102.0,124.0,85.0,54.0,122.0,348.0,107.0,95.0,53.0,52.0,56.0,56.0,28.0,28.0,28.0,28.0,266.0,266.0,338.0,338.0,14.0,14.0,14.0,111.0,111.0,111.0,111.0,111.0,111.0,111.0,136.0,136.0,136.0,85.0,85.0,85.0,179.0,179.0,179.0,179.0,179.0,249.0,249.0,249.0,34.0,34.0,59.0,194.66666666666663,121.66666666666669,121.66666666666669,210.0,152.0,31.0,99.0,99.0,129.0,0.0,53.0,8.0,8.0,31.0,31.0,31.0,342.0,225.0,53.0,53.0,142.0,142.0,112.0,343.0,228.0,20.0,295.0,17.0,17.0,200.0,200.0,200.0,200.0,346.0,346.0,346.0,60.0,60.0,60.0,264.0,264.0,264.0,172.0,0.0,0.0,0.0,34.0,73.0,73.0,23.0,173.0,173.0,222.0,222.0,222.0,231.0,79.0,70.0,70.0,55.333333333333336,68.0,321.0,321.0,321.0,25.0,58.0,58.0,128.66666666666666,338.0,338.0,338.0,77.0,77.0,77.0,77.0,350.0,350.0,350.0,350.0,350.0,34.0,34.0,34.0,17.0,11.0,11.0,74.0,34.0,34.0,34.0,34.0,60.0,34.0,60.0,357.0,357.0,77.0,125.0,324.0,323.0,323.0,323.0,44.0,44.0,344.0,344.0,108.0,108.0,150.0,98.0,122.0,122.0,122.0,14.0,65.0,65.0,65.0,43.0,26.0,26.0,26.0,14.0,14.0,14.0,6.0,6.0,152.0,152.0,152.0,152.0,129.0,129.0,67.0,67.0,71.0,71.0,274.0,332.0,116.0,176.0,154.0,146.0,129.0,112.0,112.0,170.0,299.0,59.0,310.0,54.0,54.0,270.0,0.0,113.0,292.0,292.0,62.0,129.0,28.0,267.0,60.0,259.0,356.0,56.0,112.0,136.0,26.0,61.0,98.0,152.0,26.0,60.0,60.0,59.0,59.0,39.0,70.0,343.0,70.0,266.0,0.0,11.0,295.0,102.0,102.0,161.0,161.0,161.0,97.0,73.0,56.0
2018,1,24,21,WIN_D_INST,297.0,69.0,45.0,297.0,69.0,91.0,91.0,91.0,306.0,306.0,306.0,306.0,342.0,342.0,342.0,342.0,78.0,78.0,36.0,36.0,78.0,242.0,242.0,1.0,1.0,94.0,94.0,94.0,111.0,111.0,306.0,91.0,91.0,159.0,164.0,164.0,164.0,164.0,164.0,62.0,62.0,62.0,62.0,62.0,62.0,60.0,60.0,51.0,51.0,54.0,81.0,82.0,45.0,18.0,48.0,48.0,48.0,48.0,48.0,48.0,48.0,48.0,0.0,354.0,0.0,354.0,354.0,186.0,186.0,186.0,65.0,19.0,336.0,336.0,336.0,0.0,99.0,41.0,41.0,41.0,52.0,13.0,54.0,97.0,97.0,54.0,54.0,56.0,343.0,65.0,37.0,37.0,37.0,37.0,179.0,38.0,38.0,38.0,38.0,82.0,37.0,37.0,3.0,3.0,59.0,59.0,59.0,23.0,23.0,23.0,346.0,346.0,312.0,47.0,47.0,51.0,65.0,96.0,77.0,62.0,85.0,358.0,152.0,92.0,93.0,70.0,45.0,45.0,31.0,31.0,31.0,31.0,145.0,145.0,10.0,10.0,337.0,337.0,337.0,261.0,261.0,261.0,261.0,261.0,261.0,261.0,159.0,159.0,159.0,164.0,164.0,164.0,198.0,198.0,198.0,198.0,198.0,247.0,247.0,247.0,34.0,34.0,73.0,130.0,13.333333333333334,13.333333333333334,162.0,183.0,37.0,91.0,91.0,200.0,326.0,6.0,25.0,25.0,20.0,20.0,20.0,86.0,93.0,56.0,56.0,183.0,183.0,82.0,172.66666666666666,200.0,96.0,96.0,40.0,40.0,163.0,163.0,163.0,163.0,247.0,247.0,247.0,62.0,62.0,62.0,218.0,218.0,218.0,149.0,79.0,79.0,79.0,298.0,56.0,56.0,275.0,241.0,241.0,224.0,224.0,224.0,264.0,51.0,68.0,68.0,60.333333333333336,68.0,264.0,264.0,264.0,90.0,62.0,62.0,3.0,12.0,12.0,12.0,113.0,113.0,113.0,113.0,7.0,7.0,7.0,7.0,7.0,354.0,354.0,354.0,0.0,20.0,20.0,57.0,40.0,40.0,40.0,68.0,40.0,62.0,40.0,0.0,0.0,57.0,62.0,313.0,320.0,320.0,320.0,55.0,55.0,134.0,134.0,111.0,111.0,133.0,79.0,99.0,99.0,99.0,23.0,309.0,309.0,309.0,54.0,34.0,34.0,34.0,17.0,17.0,17.0,42.0,42.0,146.0,146.0,146.0,146.0,114.0,114.0,46.0,46.0,14.0,14.0,285.0,325.0,128.0,96.0,219.0,142.0,118.0,82.0,82.0,117.0,299.0,325.0,301.0,37.0,37.0,197.0,127.66666666666669,51.0,277.0,277.0,68.0,200.0,31.0,69.0,62.0,253.0,19.0,37.0,82.0,159.0,34.0,48.0,290.0,1.0,37.0,40.0,38.0,82.0,82.0,45.0,37.0,343.0,37.0,145.0,326.0,25.0,273.0,102.0,65.0,181.0,181.0,181.0,135.0,65.0,37.0
2018,1,25,0,WIN_D_INST,332.0,30.0,64.0,332.0,30.0,159.0,159.0,159.0,44.0,44.0,44.0,44.0,308.0,308.0,308.0,308.0,57.0,57.0,71.0,71.0,57.0,318.0,318.0,35.0,35.0,343.0,343.0,343.0,15.0,15.0,153.0,77.0,77.0,170.0,320.0,320.0,320.0,320.0,320.0,51.0,51.0,51.0,51.0,51.0,51.0,3.0,3.0,49.0,49.0,20.0,76.0,52.0,47.0,21.0,23.0,23.0,23.0,23.0,23.0,23.0,23.0,23.0,44.0,310.0,44.0,310.0,310.0,132.0,132.0,132.0,57.0,16.0,358.0,358.0,358.0,44.0,99.0,359.0,359.0,359.0,43.0,23.0,74.0,81.0,81.0,74.0,74.0,105.0,349.0,65.0,79.0,79.0,31.0,113.0,40.0,58.0,58.0,58.0,58.0,125.0,37.0,37.0,40.0,40.0,50.0,50.0,50.0,37.0,37.0,37.0,334.0,334.0,104.0,42.0,42.0,59.0,113.0,96.0,43.0,49.0,86.0,13.0,132.0,115.0,96.0,59.0,23.0,23.0,48.0,48.0,48.0,48.0,159.0,159.0,47.0,47.0,286.0,286.0,286.0,349.0,349.0,349.0,349.0,349.0,349.0,349.0,170.0,170.0,170.0,320.0,320.0,320.0,187.0,187.0,187.0,187.0,187.0,215.0,215.0,215.0,53.0,53.0,76.0,107.0,124.0,124.0,215.0,124.0,17.0,43.0,43.0,293.0,346.0,42.0,0.0,0.0,20.0,20.0,20.0,73.0,349.0,45.0,45.0,286.0,286.0,107.0,96.0,107.0,319.0,98.0,334.0,334.0,142.0,142.0,142.0,142.0,307.3333333333333,307.3333333333333,307.3333333333333,57.0,57.0,57.0,147.0,147.0,147.0,48.0,262.0,262.0,262.0,337.0,76.0,76.0,295.0,190.0,190.0,339.0,339.0,339.0,273.0,45.0,56.0,56.0,65.0,51.0,158.0,158.0,158.0,42.0,69.0,69.0,323.0,319.0,319.0,319.0,125.0,125.0,125.0,125.0,359.0,359.0,359.0,359.0,359.0,45.0,45.0,45.0,14.0,8.0,8.0,68.0,14.0,14.0,14.0,357.0,40.0,17.0,40.0,20.0,20.0,14.0,57.0,325.0,316.0,316.0,316.0,20.0,20.0,114.0,114.0,128.0,128.0,116.0,82.0,96.0,96.0,96.0,31.0,307.0,307.0,307.0,303.0,20.0,20.0,20.0,315.0,315.0,315.0,346.0,346.0,169.0,169.0,169.0,169.0,328.0,328.0,117.0,117.0,31.0,31.0,30.0,341.0,136.0,161.0,137.0,303.0,110.0,107.0,107.0,159.0,281.0,325.0,313.0,65.0,65.0,70.0,326.0,241.0,313.0,313.0,57.0,293.0,48.0,30.0,57.0,250.0,16.0,113.0,107.0,170.0,20.0,48.0,3.0,35.0,37.0,40.0,20.0,52.0,52.0,47.0,79.0,349.0,79.0,159.0,346.0,16.0,65.0,111.0,113.0,181.0,181.0,181.0,85.0,65.0,113.0
2018,1,25,3,WIN_D_INST,33.0,55.0,65.0,33.0,55.0,150.0,150.0,150.0,150.0,150.0,150.0,150.0,31.0,31.0,31.0,31.0,40.0,40.0,69.0,69.0,40.0,327.0,327.0,58.0,58.0,59.0,59.0,59.0,69.0,69.0,320.0,20.0,20.0,323.0,266.0,266.0,266.0,266.0,266.0,37.0,37.0,37.0,37.0,37.0,37.0,26.0,26.0,53.0,53.0,52.0,35.0,72.0,40.0,45.0,45.0,45.0,45.0,45.0,45.0,45.0,45.0,45.0,31.0,294.0,31.0,294.0,294.0,159.0,159.0,159.0,340.0,49.0,332.0,332.0,332.0,31.0,62.0,348.0,348.0,348.0,42.0,20.0,120.0,118.0,118.0,120.0,120.0,90.0,349.0,65.0,68.0,68.0,34.0,8.0,46.0,77.0,77.0,77.0,77.0,62.0,71.0,71.0,133.0,133.0,60.0,60.0,60.0,23.0,23.0,23.0,51.0,51.0,264.0,45.0,45.0,52.0,88.0,59.0,3.0,48.0,103.0,22.0,132.0,353.0,48.0,43.0,0.0,0.0,25.0,25.0,25.0,25.0,278.0,278.0,113.0,113.0,340.0,340.0,340.0,14.0,14.0,14.0,14.0,14.0,14.0,14.0,323.0,323.0,323.0,266.0,266.0,266.0,190.0,190.0,190.0,190.0,190.0,269.0,269.0,269.0,51.0,51.0,28.0,6.0,11.0,11.0,158.0,84.0,57.0,62.0,62.0,141.0,8.0,39.0,17.0,17.0,20.0,20.0,20.0,82.0,278.0,56.0,56.0,71.0,71.0,98.0,146.0,203.0,319.0,132.0,351.0,351.0,128.0,128.0,128.0,128.0,213.0,213.0,213.0,60.0,60.0,60.0,167.0,167.0,167.0,253.0,307.0,307.0,307.0,283.0,62.0,62.0,337.0,272.0,272.0,118.0,118.0,118.0,259.0,3.0,31.0,31.0,47.0,42.0,343.0,343.0,343.0,68.0,24.0,24.0,11.0,22.0,22.0,22.0,68.0,68.0,68.0,68.0,340.0,340.0,340.0,340.0,340.0,0.0,0.0,0.0,343.0,20.0,20.0,48.0,57.0,57.0,57.0,9.0,141.66666666666666,14.0,141.66666666666666,17.0,17.0,65.0,105.0,314.0,318.0,318.0,318.0,3.0,3.0,124.0,124.0,43.0,43.0,128.0,79.0,139.0,139.0,139.0,31.0,281.0,281.0,281.0,116.0,43.0,43.0,43.0,113.0,113.0,113.0,31.0,31.0,160.0,160.0,160.0,160.0,109.0,109.0,113.0,113.0,351.0,351.0,222.0,322.0,116.0,39.0,30.0,355.0,101.0,98.0,98.0,190.0,154.0,231.0,69.0,48.0,48.0,96.0,111.0,119.0,297.0,297.0,43.0,141.0,25.0,55.0,60.0,242.0,49.0,8.0,98.0,323.0,43.0,55.0,354.0,58.0,71.0,141.66666666666666,58.0,72.0,72.0,40.0,68.0,349.0,68.0,278.0,8.0,76.0,321.0,17.0,88.0,73.0,73.0,73.0,311.0,65.0,8.0
2018,1,25,6,WIN_D_INST,36.0,123.0,92.0,36.0,123.0,221.0,221.0,221.0,78.0,78.0,78.0,78.0,71.0,71.0,71.0,71.0,81.0,81.0,115.0,115.0,81.0,314.0,314.0,31.0,31.0,73.0,73.0,73.0,77.0,77.0,128.0,23.0,23.0,357.0,286.0,286.0,286.0,286.0,286.0,23.0,23.0,23.0,23.0,23.0,23.0,340.0,340.0,46.0,46.0,62.0,78.0,44.0,48.0,40.0,17.0,17.0,17.0,17.0,17.0,17.0,17.0,17.0,25.0,22.0,25.0,22.0,22.0,107.0,107.0,107.0,300.0,27.0,329.0,329.0,329.0,25.0,70.0,328.0,328.0,328.0,340.0,0.0,87.0,189.0,189.0,87.0,87.0,352.0,343.0,51.0,141.0,141.0,34.0,335.0,22.0,52.0,52.0,52.0,52.0,35.0,354.0,354.0,116.0,116.0,68.0,68.0,68.0,357.0,357.0,357.0,346.0,346.0,340.0,50.0,50.0,49.0,17.0,87.0,88.0,50.0,87.0,8.0,25.0,348.0,82.0,70.0,42.0,42.0,42.0,42.0,42.0,42.0,241.0,241.0,79.0,79.0,340.0,340.0,340.0,349.0,349.0,349.0,349.0,349.0,349.0,349.0,357.0,357.0,357.0,286.0,286.0,286.0,232.0,232.0,232.0,232.0,232.0,272.0,272.0,272.0,84.0,84.0,172.0,9.0,20.0,20.0,292.0,96.0,50.0,283.0,283.0,183.0,11.0,20.0,34.0,34.0,14.0,14.0,14.0,118.0,183.0,20.0,20.0,91.0,91.0,91.0,180.0,158.0,233.0,188.0,34.0,34.0,174.0,174.0,174.0,174.0,105.0,105.0,105.0,85.0,85.0,85.0,162.0,162.0,162.0,166.0,11.0,11.0,11.0,332.0,79.0,79.0,346.0,343.0,343.0,351.0,351.0,351.0,278.0,45.0,42.0,42.0,23.0,11.0,295.0,295.0,295.0,166.0,15.0,15.0,14.0,15.0,15.0,15.0,326.0,326.0,326.0,326.0,345.0,345.0,345.0,345.0,345.0,9.0,9.0,9.0,346.0,28.0,28.0,48.0,28.0,28.0,28.0,11.0,228.0,39.0,228.0,357.0,357.0,54.0,40.0,315.0,318.0,318.0,318.0,59.0,59.0,110.0,110.0,74.0,74.0,128.0,56.0,156.0,156.0,156.0,20.0,76.0,76.0,76.0,20.0,37.0,37.0,37.0,45.0,45.0,45.0,28.0,28.0,149.0,149.0,149.0,149.0,355.0,355.0,87.0,87.0,57.0,57.0,280.0,27.0,113.0,117.0,8.0,309.0,115.0,91.0,91.0,195.0,67.0,256.0,7.0,34.0,34.0,82.0,125.0,91.0,329.0,329.0,28.0,183.0,42.0,123.0,85.0,273.0,27.0,335.0,91.0,357.0,37.0,49.0,20.0,31.0,354.0,228.0,44.0,44.0,44.0,48.0,141.0,343.0,141.0,241.0,11.0,17.0,340.0,20.0,17.0,69.0,69.0,69.0,293.0,51.0,335.0
2018,1,25,9,WIN_D_INST,70.0,110.0,92.0,70.0,110.0,201.0,201.0,201.0,129.0,129.0,129.0,129.0,59.0,59.0,59.0,59.0,92.0,92.0,98.0,98.0,92.0,276.0,276.0,2.0,2.0,53.0,53.0,53.0,62.0,62.0,94.0,108.0,108.0,179.0,11.0,11.0,11.0,11.0,11.0,34.0,34.0,34.0,34.0,34.0,34.0,0.0,0.0,50.0,50.0,56.0,60.0,52.0,46.0,19.0,26.0,26.0,26.0,26.0,26.0,26.0,26.0,26.0,17.0,12.0,17.0,12.0,12.0,172.0,172.0,172.0,61.0,37.0,337.0,337.0,337.0,17.0,55.0,359.0,359.0,359.0,337.0,21.0,211.0,202.0,202.0,211.0,211.0,65.0,306.0,11.0,326.0,326.0,351.0,8.0,51.0,4.0,4.0,4.0,4.0,93.0,351.0,351.0,116.0,116.0,63.0,63.0,63.0,31.0,31.0,31.0,329.0,329.0,357.0,51.0,51.0,40.0,99.0,84.0,26.0,44.0,48.0,348.0,68.0,348.0,59.0,82.0,87.0,87.0,28.0,28.0,28.0,28.0,184.0,184.0,88.0,88.0,14.0,14.0,14.0,3.0,3.0,3.0,3.0,3.0,3.0,3.0,179.0,179.0,179.0,11.0,11.0,11.0,269.0,269.0,269.0,269.0,269.0,278.0,278.0,278.0,70.0,70.0,73.0,20.0,4.666666666666667,4.666666666666667,132.0,34.0,73.0,258.0,258.0,174.0,62.0,340.0,42.0,42.0,51.0,51.0,51.0,105.0,191.0,53.0,53.0,106.0,106.0,98.0,56.0,141.0,227.0,318.0,54.0,54.0,164.0,164.0,164.0,164.0,255.0,255.0,255.0,75.0,75.0,75.0,145.0,145.0,145.0,73.0,68.0,68.0,68.0,3.0,101.0,101.0,340.0,343.0,343.0,326.0,326.0,326.0,270.0,56.0,31.0,31.0,17.0,20.0,346.0,346.0,346.0,245.0,20.0,20.0,48.0,344.0,344.0,344.0,326.0,326.0,326.0,326.0,355.0,355.0,355.0,355.0,355.0,34.0,34.0,34.0,26.0,25.0,25.0,45.0,43.0,43.0,43.0,14.0,44.333333333333336,51.0,44.333333333333336,0.0,0.0,34.0,79.0,331.0,309.0,309.0,309.0,85.0,85.0,79.0,79.0,6.0,6.0,116.0,135.0,142.0,142.0,142.0,51.0,264.0,264.0,264.0,54.0,51.0,51.0,51.0,40.0,40.0,40.0,113.0,113.0,143.0,143.0,143.0,143.0,21.0,21.0,124.0,124.0,57.0,57.0,265.0,6.0,150.0,72.0,18.0,330.0,118.0,98.0,98.0,191.0,69.0,152.0,346.0,23.0,23.0,90.0,88.0,130.0,306.0,306.0,71.0,174.0,28.0,110.0,75.0,287.0,37.0,8.0,98.0,179.0,51.0,45.0,25.0,2.0,351.0,44.333333333333336,44.0,52.0,52.0,46.0,326.0,306.0,326.0,184.0,62.0,356.0,28.0,27.0,99.0,71.0,71.0,71.0,40.0,11.0,8.0
2018,1,25,12,WIN_D_INST,73.0,100.0,81.0,73.0,100.0,156.0,156.0,156.0,226.0,226.0,226.0,226.0,338.0,338.0,338.0,338.0,104.0,104.0,21.0,21.0,104.0,302.0,302.0,61.0,61.0,83.0,83.0,83.0,84.0,84.0,88.0,91.0,91.0,193.0,99.0,99.0,99.0,99.0,99.0,59.0,59.0,59.0,59.0,59.0,59.0,34.0,34.0,25.0,25.0,48.0,66.0,37.0,35.0,23.0,0.0,0.0,0.0,0.0,0.0,0.0,0.0,0.0,46.0,325.0,46.0,325.0,325.0,152.0,152.0,152.0,65.0,24.0,332.0,332.0,332.0,46.0,65.0,30.0,30.0,30.0,46.0,33.0,126.0,85.0,85.0,126.0,126.0,97.0,17.0,59.0,352.0,352.0,326.0,25.0,22.0,149.0,149.0,149.0,149.0,103.0,14.0,14.0,133.0,133.0,49.0,49.0,49.0,107.0,107.0,107.0,357.0,357.0,326.0,43.0,43.0,71.0,45.0,132.0,85.0,52.0,112.0,4.0,98.0,20.0,51.0,46.0,51.0,51.0,37.0,37.0,37.0,37.0,238.0,238.0,51.0,51.0,357.0,357.0,357.0,99.0,99.0,99.0,99.0,99.0,99.0,99.0,193.0,193.0,193.0,99.0,99.0,99.0,139.0,139.0,139.0,139.0,139.0,281.0,281.0,281.0,287.0,287.0,65.0,358.0,121.66666666666669,121.66666666666669,160.0,0.0,64.0,142.0,142.0,177.0,70.0,110.0,135.0,135.0,40.0,40.0,40.0,104.0,177.0,84.0,84.0,193.0,193.0,74.0,295.0,82.0,263.0,28.0,11.0,11.0,203.0,203.0,203.0,203.0,235.0,235.0,235.0,58.0,58.0,58.0,156.0,156.0,156.0,37.0,25.0,25.0,25.0,329.0,82.0,82.0,303.0,68.0,68.0,339.0,339.0,339.0,259.0,48.0,37.0,37.0,34.0,48.0,326.0,326.0,326.0,245.0,36.0,36.0,39.0,12.0,12.0,12.0,99.0,99.0,99.0,99.0,331.0,331.0,331.0,331.0,331.0,20.0,20.0,20.0,48.0,6.0,6.0,48.0,14.0,14.0,14.0,14.0,79.66666666666667,25.0,79.66666666666667,28.0,28.0,34.0,88.0,319.0,317.0,317.0,317.0,18.0,18.0,111.0,111.0,45.0,45.0,147.0,70.0,111.0,111.0,111.0,14.0,132.0,132.0,132.0,94.0,40.0,40.0,40.0,0.0,0.0,0.0,70.0,70.0,152.0,152.0,152.0,152.0,35.0,35.0,317.0,317.0,9.0,9.0,87.0,151.0,153.0,67.0,101.0,310.0,79.0,74.0,74.0,172.0,81.0,291.0,9.0,337.0,337.0,104.0,99.0,130.0,288.0,288.0,102.0,177.0,37.0,100.0,58.0,270.0,24.0,25.0,74.0,193.0,40.0,58.0,8.0,61.0,14.0,79.66666666666667,19.0,37.0,37.0,35.0,352.0,17.0,352.0,238.0,70.0,18.0,25.0,25.0,45.0,33.0,33.0,33.0,59.0,59.0,25.0
2018,1,25,15,WIN_D_INST,339.0,96.0,68.0,339.0,96.0,91.0,91.0,91.0,344.0,344.0,344.0,344.0,322.0,322.0,322.0,322.0,103.0,103.0,287.0,287.0,103.0,124.0,124.0,272.0,272.0,43.0,43.0,43.0,92.0,92.0,96.0,68.0,68.0,136.0,176.0,176.0,176.0,176.0,176.0,37.0,37.0,37.0,37.0,37.0,37.0,3.0,3.0,44.0,44.0,18.0,83.0,26.0,28.0,15.0,26.0,26.0,26.0,26.0,26.0,26.0,26.0,26.0,10.0,359.0,10.0,359.0,359.0,350.0,350.0,350.0,154.66666666666666,28.0,343.0,343.0,343.0,10.0,77.0,353.0,353.0,353.0,25.0,11.0,226.0,97.0,97.0,226.0,226.0,78.0,23.0,14.0,68.0,68.0,79.0,110.0,30.0,69.0,69.0,69.0,69.0,179.0,34.0,34.0,179.0,179.0,38.0,38.0,38.0,53.0,53.0,53.0,28.0,28.0,357.0,43.0,43.0,41.0,108.0,90.0,77.0,66.0,89.0,27.0,113.0,79.0,53.0,83.0,73.0,73.0,219.0,219.0,219.0,219.0,170.0,170.0,29.0,29.0,283.0,283.0,283.0,105.0,105.0,105.0,105.0,105.0,105.0,105.0,136.0,136.0,136.0,176.0,176.0,176.0,204.0,204.0,204.0,204.0,204.0,238.0,238.0,238.0,346.0,346.0,62.0,351.0,122.33333333333331,122.33333333333331,145.0,3.0,58.0,111.0,111.0,149.0,326.0,104.0,124.0,124.0,37.0,37.0,37.0,90.0,166.0,17.0,17.0,256.0,256.0,105.0,135.0,98.0,75.0,332.0,11.0,11.0,158.0,158.0,158.0,158.0,196.0,196.0,196.0,70.0,70.0,70.0,150.0,150.0,150.0,34.0,293.0,293.0,293.0,326.0,96.0,96.0,340.0,94.0,94.0,299.0,299.0,299.0,262.0,37.0,34.0,34.0,31.0,56.0,323.0,323.0,323.0,233.0,36.333333333333336,36.333333333333336,62.0,358.0,358.0,358.0,133.0,133.0,133.0,133.0,338.0,338.0,338.0,338.0,338.0,82.0,82.0,82.0,349.0,11.0,11.0,65.0,349.0,349.0,349.0,0.0,68.33333333333333,39.0,68.33333333333333,28.0,28.0,329.0,79.0,346.0,312.0,312.0,312.0,12.0,12.0,142.0,142.0,343.0,343.0,113.0,68.0,125.0,125.0,125.0,48.0,90.0,90.0,90.0,99.0,31.0,31.0,31.0,65.0,65.0,65.0,278.0,278.0,158.0,158.0,158.0,158.0,344.0,344.0,104.0,104.0,343.0,343.0,78.0,236.0,88.0,88.0,128.0,138.0,62.0,105.0,105.0,176.0,110.0,341.0,344.0,235.0,235.0,39.0,298.0,94.0,327.0,327.0,68.0,149.0,219.0,96.0,70.0,250.0,28.0,110.0,105.0,136.0,31.0,30.0,98.0,272.0,34.0,68.33333333333333,19.0,26.0,26.0,28.0,68.0,23.0,68.0,170.0,326.0,10.0,59.0,21.0,108.0,52.0,52.0,52.0,84.0,14.0,110.0
2018,1,25,18,WIN_D_INST,51.0,289.0,262.0,51.0,289.0,96.0,96.0,96.0,341.0,341.0,341.0,341.0,100.0,100.0,100.0,100.0,132.33333333333334,132.33333333333334,266.0,266.0,132.33333333333334,83.0,83.0,41.0,41.0,144.0,144.0,144.0,76.0,76.0,292.0,54.0,54.0,54.0,201.0,201.0,201.0,201.0,201.0,25.0,25.0,25.0,25.0,25.0,25.0,346.0,346.0,26.0,26.0,20.0,84.0,1.0,28.0,332.0,26.0,26.0,26.0,26.0,26.0,26.0,26.0,26.0,19.0,325.0,19.0,325.0,325.0,352.0,352.0,352.0,54.0,20.0,333.0,333.0,333.0,19.0,87.0,29.0,29.0,29.0,10.0,9.0,124.0,77.33333333333333,77.33333333333333,124.0,124.0,86.0,337.0,53.0,0.0,0.0,96.0,76.0,23.0,72.0,72.0,72.0,72.0,260.0,3.0,3.0,77.0,77.0,200.0,200.0,200.0,354.0,354.0,354.0,351.0,351.0,14.0,40.0,40.0,49.0,130.0,98.0,43.0,48.0,104.0,12.0,138.0,324.0,42.0,80.0,53.0,53.0,205.0,205.0,205.0,205.0,162.0,162.0,75.0,75.0,312.0,312.0,312.0,156.0,156.0,156.0,156.0,156.0,156.0,156.0,54.0,54.0,54.0,201.0,201.0,201.0,179.0,179.0,179.0,179.0,179.0,275.0,275.0,275.0,231.0,231.0,62.0,149.0,121.0,121.0,221.0,31.0,45.0,60.0,60.0,352.0,42.0,68.0,338.0,338.0,11.0,11.0,11.0,128.0,160.0,135.0,135.0,214.0,214.0,73.0,278.0,0.0,70.0,332.0,20.0,20.0,132.0,132.0,132.0,132.0,187.0,187.0,187.0,64.0,64.0,64.0,354.0,354.0,354.0,93.0,323.0,323.0,323.0,320.0,25.0,25.0,349.0,173.0,173.0,233.0,233.0,233.0,273.0,62.0,28.0,28.0,68.0,42.0,318.0,318.0,318.0,211.0,110.0,110.0,8.0,9.0,9.0,9.0,184.0,184.0,184.0,184.0,345.0,345.0,345.0,345.0,345.0,74.0,74.0,74.0,28.0,346.0,346.0,74.0,337.0,337.0,337.0,0.0,142.66666666666666,31.0,142.66666666666666,11.0,11.0,99.0,111.0,317.0,323.0,323.0,323.0,61.0,61.0,8.0,8.0,51.0,51.0,94.0,278.0,249.0,249.0,249.0,11.0,113.0,113.0,113.0,0.0,23.0,23.0,23.0,60.0,60.0,60.0,37.0,37.0,172.0,172.0,172.0,172.0,9.0,9.0,80.0,80.0,298.0,298.0,86.0,332.0,74.0,90.0,117.0,298.0,70.0,73.0,73.0,172.0,102.0,98.0,323.0,354.0,354.0,141.0,272.0,119.0,258.0,258.0,77.0,352.0,205.0,289.0,64.0,253.0,20.0,76.0,73.0,54.0,23.0,33.0,312.0,41.0,3.0,142.66666666666666,4.0,1.0,1.0,28.0,0.0,337.0,0.0,162.0,42.0,5.0,217.0,90.0,130.0,58.0,58.0,58.0,71.0,53.0,76.0
2018,1,25,21,WIN_D_INST,103.0,107.0,119.0,103.0,107.0,111.0,111.0,111.0,329.0,329.0,329.0,329.0,107.0,107.0,107.0,107.0,124.0,124.0,192.0,192.0,124.0,230.0,230.0,76.0,76.0,181.0,181.0,181.0,150.0,150.0,91.0,94.0,94.0,102.0,79.0,79.0,79.0,79.0,79.0,37.0,37.0,37.0,37.0,37.0,37.0,3.0,3.0,37.0,37.0,359.0,78.0,1.0,17.0,9.0,26.0,26.0,26.0,26.0,26.0,26.0,26.0,26.0,34.0,341.0,34.0,341.0,341.0,64.0,64.0,64.0,132.66666666666666,10.0,4.0,4.0,4.0,34.0,59.0,31.0,31.0,31.0,25.0,13.0,349.0,128.0,128.0,349.0,349.0,89.0,357.0,45.0,31.0,31.0,14.0,59.0,23.0,140.0,140.0,140.0,140.0,215.0,14.0,14.0,125.0,125.0,167.0,167.0,167.0,17.0,17.0,17.0,11.0,11.0,45.0,41.0,41.0,50.0,105.0,90.0,94.0,69.0,95.0,10.0,127.0,322.0,42.0,60.0,48.0,48.0,166.0,166.0,166.0,166.0,150.0,150.0,87.0,87.0,3.0,3.0,3.0,337.0,337.0,337.0,337.0,337.0,337.0,337.0,102.0,102.0,102.0,79.0,79.0,79.0,179.0,179.0,179.0,179.0,179.0,278.0,278.0,278.0,14.0,14.0,20.0,351.0,10.666666666666666,10.666666666666666,178.0,352.0,34.0,68.0,68.0,138.0,70.0,25.0,42.0,42.0,48.0,48.0,48.0,120.0,180.0,17.0,17.0,250.0,250.0,87.0,6.0,70.0,68.0,346.0,20.0,20.0,163.0,163.0,163.0,163.0,190.0,190.0,190.0,81.0,81.0,81.0,54.0,54.0,54.0,143.0,87.0,87.0,87.0,300.0,73.0,73.0,334.0,142.0,142.0,223.0,223.0,223.0,276.0,59.0,45.0,45.0,34.0,39.0,323.0,323.0,323.0,256.0,55.333333333333336,55.333333333333336,25.0,13.0,13.0,13.0,105.0,105.0,105.0,105.0,10.0,10.0,10.0,10.0,10.0,34.0,34.0,34.0,11.0,39.0,39.0,91.0,317.0,317.0,317.0,354.0,42.66666666666666,39.0,42.66666666666666,334.0,334.0,23.0,94.0,345.0,343.0,343.0,343.0,78.0,78.0,205.0,205.0,51.0,51.0,37.0,3.0,96.0,96.0,96.0,26.0,118.0,118.0,118.0,317.0,26.0,26.0,26.0,31.0,31.0,31.0,70.0,70.0,155.0,155.0,155.0,155.0,339.0,339.0,86.0,86.0,57.0,57.0,102.0,316.0,122.0,99.0,285.0,314.0,107.0,87.0,87.0,193.0,112.0,316.0,213.0,26.0,26.0,158.0,329.0,125.0,223.0,223.0,65.0,138.0,166.0,107.0,81.0,242.0,10.0,59.0,87.0,102.0,26.0,13.0,48.0,76.0,14.0,42.66666666666666,24.0,1.0,1.0,17.0,31.0,357.0,31.0,150.0,70.0,15.0,278.0,87.0,105.0,56.0,56.0,56.0,93.0,45.0,59.0
2018,1,26,0,WIN_D_INST,106.0,95.0,119.0,106.0,95.0,136.0,136.0,136.0,328.0,328.0,328.0,328.0,327.0,327.0,327.0,327.0,102.0,102.0,354.0,354.0,102.0,51.0,51.0,72.0,72.0,166.0,166.0,166.0,141.0,141.0,147.0,57.0,57.0,156.0,261.0,261.0,261.0,261.0,261.0,37.0,37.0,37.0,37.0,37.0,37.0,351.0,351.0,31.0,31.0,9.0,67.0,24.0,26.0,318.0,40.0,40.0,40.0,40.0,40.0,40.0,40.0,40.0,351.0,349.0,351.0,349.0,349.0,58.0,58.0,58.0,303.0,9.0,353.0,353.0,353.0,351.0,62.0,1.0,1.0,1.0,346.0,355.0,334.0,98.0,98.0,334.0,334.0,30.0,6.0,51.0,118.0,118.0,54.0,6.0,23.0,110.0,110.0,110.0,110.0,123.0,357.0,357.0,108.0,108.0,172.0,172.0,172.0,31.0,31.0,31.0,14.0,14.0,79.0,40.0,40.0,62.0,102.0,70.0,54.0,55.0,112.0,26.0,121.0,257.0,115.0,87.0,53.0,53.0,34.0,34.0,34.0,34.0,286.0,286.0,68.0,68.0,119.0,119.0,119.0,309.0,309.0,309.0,309.0,309.0,309.0,309.0,156.0,156.0,156.0,261.0,261.0,261.0,167.0,167.0,167.0,167.0,167.0,255.0,255.0,255.0,59.0,59.0,48.0,359.0,121.0,121.0,196.0,354.0,35.0,43.0,43.0,160.0,11.0,17.0,65.0,65.0,20.0,20.0,20.0,115.0,143.0,84.0,84.0,246.0,246.0,82.0,293.0,124.0,339.0,48.0,77.0,77.0,128.0,128.0,128.0,128.0,207.0,207.0,207.0,81.0,81.0,81.0,354.0,354.0,354.0,31.0,166.0,166.0,166.0,292.0,73.0,73.0,334.0,196.0,196.0,223.0,223.0,223.0,259.0,51.0,68.0,68.0,76.0,48.0,98.0,98.0,98.0,166.0,101.66666666666669,101.66666666666669,14.0,4.0,4.0,4.0,91.0,91.0,91.0,91.0,8.0,8.0,8.0,8.0,8.0,91.0,91.0,91.0,340.0,8.0,8.0,60.0,346.0,346.0,346.0,300.0,142.66666666666666,3.0,142.66666666666666,26.0,26.0,37.0,156.0,332.0,343.0,343.0,343.0,46.0,46.0,19.0,19.0,48.0,48.0,26.0,0.0,96.0,96.0,96.0,60.0,70.0,70.0,70.0,77.0,23.0,23.0,23.0,0.0,0.0,0.0,62.0,62.0,155.0,155.0,155.0,155.0,60.0,60.0,96.0,96.0,28.0,28.0,90.0,169.0,88.0,104.0,310.0,134.0,118.0,82.0,82.0,138.0,100.0,237.0,189.0,36.333333333333336,36.333333333333336,180.0,275.0,94.0,300.0,300.0,37.0,160.0,34.0,95.0,81.0,250.0,9.0,6.0,82.0,156.0,23.0,10.0,39.0,72.0,357.0,142.66666666666666,38.0,24.0,24.0,26.0,118.0,6.0,118.0,286.0,11.0,19.0,253.0,101.0,102.0,39.0,39.0,39.0,59.0,51.0,6.0
2018,1,26,3,WIN_D_INST,162.0,102.0,185.0,162.0,102.0,122.0,122.0,122.0,158.0,158.0,158.0,158.0,154.0,154.0,154.0,154.0,179.0,179.0,38.0,38.0,179.0,60.0,60.0,27.0,27.0,298.0,298.0,298.0,184.0,184.0,213.0,167.0,167.0,85.0,68.0,68.0,68.0,68.0,68.0,25.0,25.0,25.0,25.0,25.0,25.0,323.0,323.0,69.0,69.0,32.0,108.0,40.0,36.0,9.0,43.0,43.0,43.0,43.0,43.0,43.0,43.0,43.0,359.0,7.0,359.0,7.0,7.0,62.0,62.0,62.0,38.0,24.0,12.0,12.0,12.0,359.0,55.0,340.0,340.0,340.0,348.0,7.0,355.0,8.0,8.0,355.0,355.0,75.0,17.0,37.0,96.0,96.0,54.0,42.0,23.0,96.0,96.0,96.0,96.0,76.0,354.0,354.0,113.0,113.0,227.0,227.0,227.0,76.0,76.0,76.0,54.0,54.0,37.0,64.0,64.0,80.0,119.0,104.0,68.0,69.0,118.0,357.0,45.0,52.0,169.0,106.0,129.0,129.0,177.0,177.0,177.0,177.0,0.0,0.0,81.0,81.0,40.0,40.0,40.0,48.0,48.0,48.0,48.0,48.0,48.0,48.0,85.0,85.0,85.0,68.0,68.0,68.0,230.0,230.0,230.0,230.0,230.0,283.0,283.0,283.0,70.0,70.0,65.0,118.0,121.0,121.0,130.0,323.0,70.0,40.0,40.0,174.0,307.0,39.0,68.0,68.0,34.0,34.0,34.0,104.0,191.0,90.0,90.0,289.0,289.0,86.0,96.0,113.0,323.0,101.0,40.0,40.0,197.0,197.0,197.0,197.0,281.0,281.0,281.0,286.0,286.0,286.0,147.0,147.0,147.0,28.0,273.0,273.0,273.0,266.0,73.0,73.0,340.0,204.0,204.0,5.0,5.0,5.0,250.0,73.0,53.0,53.0,98.0,87.0,155.0,155.0,155.0,142.66666666666666,101.33333333333331,101.33333333333331,326.0,20.0,20.0,20.0,60.0,60.0,60.0,60.0,336.0,336.0,336.0,336.0,336.0,62.0,62.0,62.0,173.0,53.0,53.0,85.0,45.0,45.0,45.0,323.0,142.66666666666666,23.0,142.66666666666666,28.0,28.0,349.0,113.0,318.0,343.0,343.0,343.0,85.0,85.0,127.0,127.0,354.0,354.0,354.0,17.0,264.0,264.0,264.0,9.0,62.0,62.0,62.0,91.0,26.0,26.0,26.0,71.0,71.0,71.0,65.0,65.0,129.0,129.0,129.0,129.0,122.0,122.0,310.0,310.0,111.0,111.0,97.0,245.0,43.0,70.0,325.0,319.0,115.0,86.0,86.0,171.0,65.0,241.0,39.0,43.0,43.0,101.0,99.0,96.0,340.0,340.0,71.0,174.0,177.0,102.0,286.0,248.0,24.0,42.0,86.0,85.0,26.0,30.0,141.0,27.0,354.0,142.66666666666666,16.0,40.0,40.0,36.0,96.0,17.0,96.0,0.0,307.0,17.0,290.0,71.0,119.0,84.0,84.0,84.0,56.0,37.0,42.0
2018,1,26,6,WIN_D_INST,148.0,127.0,126.0,148.0,127.0,111.0,111.0,111.0,164.0,164.0,164.0,164.0,117.0,117.0,117.0,117.0,153.0,153.0,142.0,142.0,153.0,129.0,129.0,144.0,144.0,157.0,157.0,157.0,165.0,165.0,82.0,249.0,249.0,317.0,6.0,6.0,6.0,6.0,6.0,37.0,37.0,37.0,37.0,37.0,37.0,343.0,343.0,34.0,34.0,32.0,97.0,68.0,38.0,24.0,26.0,26.0,26.0,26.0,26.0,26.0,26.0,26.0,11.0,5.0,11.0,5.0,5.0,88.0,88.0,88.0,9.0,21.0,21.0,21.0,21.0,11.0,53.0,351.0,351.0,351.0,353.0,8.0,347.0,297.0,297.0,347.0,347.0,65.0,34.0,76.0,76.0,76.0,37.0,8.0,349.0,299.0,299.0,299.0,299.0,146.0,0.0,0.0,113.0,113.0,223.0,223.0,223.0,42.0,42.0,42.0,357.0,357.0,155.0,55.0,55.0,50.0,113.0,248.0,40.0,82.0,6.0,334.0,352.0,37.0,307.0,347.0,315.0,315.0,203.0,203.0,203.0,203.0,351.0,351.0,100.0,100.0,133.0,133.0,133.0,351.0,351.0,351.0,351.0,351.0,351.0,351.0,317.0,317.0,317.0,6.0,6.0,6.0,232.0,232.0,232.0,232.0,232.0,261.0,261.0,261.0,59.0,59.0,110.0,136.0,357.0,357.0,182.0,352.0,65.0,99.0,99.0,166.0,65.0,42.0,42.0,42.0,23.0,23.0,23.0,102.0,169.0,96.0,96.0,61.0,61.0,47.0,149.0,183.0,95.0,129.0,57.0,57.0,207.0,207.0,207.0,207.0,139.0,139.0,139.0,308.0,308.0,308.0,156.0,156.0,156.0,273.0,84.0,84.0,84.0,289.0,84.0,84.0,255.0,181.0,181.0,221.0,221.0,221.0,245.0,48.0,42.0,42.0,34.0,82.0,177.0,177.0,177.0,205.0,97.33333333333331,97.33333333333331,20.0,20.0,20.0,20.0,116.0,116.0,116.0,116.0,352.0,352.0,352.0,352.0,352.0,43.0,43.0,43.0,156.0,214.0,214.0,133.0,62.0,62.0,62.0,315.0,326.0,14.0,326.0,26.0,26.0,37.0,108.0,319.0,343.0,343.0,343.0,7.0,7.0,159.0,159.0,17.0,17.0,37.0,17.0,261.0,261.0,261.0,60.0,82.0,82.0,82.0,65.0,43.0,43.0,43.0,306.0,306.0,306.0,6.0,6.0,155.0,155.0,155.0,155.0,115.0,115.0,85.0,85.0,142.0,142.0,99.0,48.0,105.0,54.0,281.0,325.0,118.0,47.0,47.0,194.0,293.0,201.0,12.0,71.0,71.0,90.0,125.0,116.0,199.0,199.0,68.0,166.0,203.0,127.0,308.0,236.0,21.0,8.0,47.0,317.0,43.0,70.0,115.0,144.0,0.0,326.0,54.0,68.0,68.0,38.0,76.0,34.0,76.0,351.0,65.0,351.0,284.0,195.0,113.0,81.0,81.0,81.0,10.0,76.0,8.0
2018,1,26,9,WIN_D_INST,159.0,170.0,161.0,159.0,170.0,230.0,230.0,230.0,130.0,130.0,130.0,130.0,88.0,88.0,88.0,88.0,170.0,170.0,162.0,162.0,170.0,173.0,173.0,216.0,216.0,128.0,128.0,128.0,113.0,113.0,224.0,176.0,176.0,48.0,320.0,320.0,320.0,320.0,320.0,23.0,23.0,23.0,23.0,23.0,23.0,334.0,334.0,43.0,43.0,21.0,68.0,71.0,63.0,18.0,43.0,43.0,43.0,43.0,43.0,43.0,43.0,43.0,355.0,4.0,355.0,4.0,4.0,66.0,66.0,66.0,57.0,40.0,2.0,2.0,2.0,355.0,73.0,19.0,19.0,19.0,11.0,7.0,9.0,7.0,7.0,9.0,9.0,77.0,88.0,73.0,82.0,82.0,34.0,6.0,80.0,105.0,105.0,105.0,105.0,76.0,9.0,9.0,108.0,108.0,176.0,176.0,176.0,14.0,14.0,14.0,28.0,28.0,56.0,80.0,80.0,62.0,108.0,219.0,170.0,57.0,258.0,351.0,124.0,10.0,42.0,82.0,129.0,129.0,295.0,295.0,295.0,295.0,312.0,312.0,91.0,91.0,88.0,88.0,88.0,317.0,317.0,317.0,317.0,317.0,317.0,317.0,48.0,48.0,48.0,320.0,320.0,320.0,207.0,207.0,207.0,207.0,207.0,258.0,258.0,258.0,56.0,56.0,90.0,131.0,2.0,2.0,230.0,0.0,83.0,23.0,23.0,172.0,315.0,31.0,34.0,34.0,31.0,31.0,31.0,105.0,166.0,56.0,56.0,49.0,49.0,73.0,242.0,233.0,67.0,146.0,48.0,48.0,189.0,189.0,189.0,189.0,128.0,128.0,128.0,222.0,222.0,222.0,193.0,193.0,193.0,343.0,349.0,349.0,349.0,258.0,65.0,65.0,14.0,130.0,130.0,326.0,326.0,326.0,239.0,62.0,82.0,82.0,48.0,34.0,152.0,152.0,152.0,168.66666666666666,48.0,48.0,84.0,0.0,0.0,0.0,113.0,113.0,113.0,113.0,356.0,356.0,356.0,356.0,356.0,40.0,40.0,40.0,128.0,93.0,93.0,96.0,91.0,91.0,91.0,351.0,68.0,6.0,68.0,57.0,57.0,26.0,130.0,334.0,343.0,343.0,343.0,61.0,61.0,207.0,207.0,31.0,31.0,17.0,357.0,111.0,111.0,111.0,6.0,82.0,82.0,82.0,3.0,40.0,40.0,40.0,91.0,91.0,91.0,65.0,65.0,146.0,146.0,146.0,146.0,130.0,130.0,42.0,42.0,102.0,102.0,101.0,278.0,102.0,83.0,73.0,340.0,104.0,73.0,73.0,175.0,122.0,154.0,21.0,40.0,40.0,93.0,133.0,113.0,289.0,289.0,108.0,172.0,295.0,170.0,222.0,236.0,40.0,6.0,73.0,48.0,40.0,38.0,127.0,216.0,9.0,68.0,44.0,71.0,71.0,63.0,82.0,88.0,82.0,312.0,315.0,330.0,124.0,39.0,108.0,131.0,131.0,131.0,59.0,73.0,6.0
2018,1,26,12,WIN_D_INST,109.0,103.0,66.0,109.0,103.0,201.0,201.0,201.0,88.0,88.0,88.0,88.0,87.0,87.0,87.0,87.0,153.0,153.0,269.0,269.0,153.0,94.0,94.0,202.0,202.0,127.0,127.0,127.0,110.0,110.0,57.0,146.33333333333334,146.33333333333334,156.0,99.0,99.0,99.0,99.0,99.0,51.0,51.0,51.0,51.0,51.0,51.0,79.0,79.0,47.0,47.0,36.0,76.0,79.0,49.0,18.0,40.0,40.0,40.0,40.0,40.0,40.0,40.0,40.0,22.0,329.0,22.0,329.0,329.0,42.0,42.0,42.0,345.0,16.0,4.0,4.0,4.0,22.0,53.0,40.0,40.0,40.0,359.0,346.0,32.0,352.0,352.0,32.0,32.0,118.0,68.0,84.0,169.0,169.0,11.0,31.0,62.0,100.0,100.0,100.0,100.0,121.0,0.0,0.0,113.0,113.0,188.0,188.0,188.0,82.0,82.0,82.0,60.0,60.0,65.0,46.0,46.0,64.0,111.0,127.0,45.0,65.0,135.0,345.0,113.0,27.0,68.0,68.0,59.0,59.0,248.0,248.0,248.0,248.0,156.0,156.0,80.0,80.0,6.0,6.0,6.0,105.0,105.0,105.0,105.0,105.0,105.0,105.0,156.0,156.0,156.0,99.0,99.0,99.0,173.0,173.0,173.0,173.0,173.0,272.0,272.0,272.0,42.0,42.0,183.0,140.0,4.0,4.0,152.0,34.0,56.0,51.0,51.0,180.0,287.0,65.0,34.0,34.0,34.0,34.0,34.0,112.0,177.0,79.0,79.0,218.0,218.0,96.0,264.0,98.0,91.0,135.0,57.0,57.0,178.0,178.0,178.0,178.0,309.0,309.0,309.0,49.0,49.0,49.0,198.0,198.0,198.0,284.0,96.0,96.0,96.0,193.0,68.0,68.0,340.0,167.0,167.0,209.0,209.0,209.0,233.0,82.0,82.0,82.0,62.0,53.0,256.0,256.0,256.0,37.0,50.333333333333336,50.333333333333336,31.0,326.0,326.0,326.0,130.0,130.0,130.0,130.0,351.0,351.0,351.0,351.0,351.0,17.0,17.0,17.0,99.0,42.0,42.0,48.0,79.0,79.0,79.0,221.0,34.0,25.0,34.0,340.0,340.0,6.0,65.0,350.0,343.0,343.0,343.0,64.0,64.0,125.0,125.0,51.0,51.0,48.0,323.0,269.0,269.0,269.0,14.0,76.0,76.0,76.0,111.0,11.0,11.0,11.0,96.0,96.0,96.0,23.0,23.0,186.0,186.0,186.0,186.0,149.0,149.0,126.0,126.0,96.0,96.0,81.0,258.0,102.0,100.0,311.0,9.0,138.0,96.0,96.0,200.0,104.0,136.0,321.0,77.0,77.0,101.0,105.0,136.0,290.0,290.0,43.0,180.0,248.0,103.0,49.0,222.0,16.0,31.0,96.0,156.0,11.0,75.0,90.0,202.0,0.0,34.0,61.0,79.0,79.0,49.0,169.0,68.0,169.0,156.0,287.0,352.0,281.0,99.0,111.0,126.0,126.0,126.0,74.0,84.0,31.0
2018,1,26,15,WIN_D_INST,156.0,125.0,61.0,156.0,125.0,204.0,204.0,204.0,335.0,335.0,335.0,335.0,149.0,149.0,149.0,149.0,136.0,136.0,283.0,283.0,136.0,7.0,7.0,122.0,122.0,138.0,138.0,138.0,106.0,106.0,60.0,96.0,96.0,136.0,170.0,170.0,170.0,170.0,170.0,59.0,59.0,59.0,59.0,59.0,59.0,51.0,51.0,47.0,47.0,24.0,119.0,334.0,46.0,304.0,0.0,0.0,0.0,0.0,0.0,0.0,0.0,0.0,337.0,285.0,337.0,285.0,285.0,20.0,20.0,20.0,359.0,3.0,306.0,306.0,306.0,337.0,113.0,16.0,16.0,16.0,3.0,8.0,347.0,32.0,32.0,347.0,347.0,117.0,125.0,42.0,118.0,118.0,51.0,48.0,62.0,99.0,99.0,99.0,99.0,2.0,167.0,167.0,125.0,125.0,142.0,142.0,142.0,352.0,352.0,352.0,3.0,3.0,98.0,37.0,37.0,40.333333333333336,62.0,124.0,108.0,101.0,131.0,269.0,169.0,67.0,146.0,45.0,79.0,79.0,208.0,208.0,208.0,208.0,201.0,201.0,2.0,2.0,9.0,9.0,9.0,147.0,147.0,147.0,147.0,147.0,147.0,147.0,136.0,136.0,136.0,170.0,170.0,170.0,176.0,176.0,176.0,176.0,176.0,164.0,164.0,164.0,82.0,82.0,127.0,128.0,11.0,11.0,224.0,340.0,68.0,88.0,88.0,177.0,326.0,17.0,17.0,17.0,65.0,65.0,65.0,110.0,155.0,70.0,70.0,291.0,291.0,86.0,65.0,135.0,325.0,79.0,0.0,0.0,179.0,179.0,179.0,179.0,255.0,255.0,255.0,83.0,83.0,83.0,147.0,147.0,147.0,34.0,273.0,273.0,273.0,215.0,84.0,84.0,334.0,167.0,167.0,217.0,217.0,217.0,245.0,90.0,59.0,59.0,87.0,62.0,158.0,158.0,158.0,25.0,150.33333333333334,150.33333333333334,104.0,345.0,345.0,345.0,105.0,105.0,105.0,105.0,343.0,343.0,343.0,343.0,343.0,40.0,40.0,40.0,232.0,124.0,124.0,77.0,88.0,88.0,88.0,3.0,34.0,34.0,34.0,6.0,6.0,54.0,85.0,333.0,343.0,343.0,343.0,33.0,33.0,118.0,118.0,0.0,0.0,357.0,357.0,99.0,99.0,99.0,20.0,76.0,76.0,76.0,17.0,26.0,26.0,26.0,122.0,122.0,122.0,315.0,315.0,174.0,174.0,174.0,174.0,126.0,126.0,250.0,250.0,20.0,20.0,24.0,345.0,113.0,86.0,314.0,281.0,107.0,86.0,86.0,205.0,103.0,160.0,305.0,20.0,20.0,62.0,278.0,102.0,262.0,262.0,43.0,177.0,208.0,125.0,83.0,214.0,3.0,48.0,86.0,136.0,26.0,47.0,124.0,122.0,167.0,34.0,28.0,334.0,334.0,46.0,118.0,125.0,118.0,201.0,326.0,254.0,6.0,116.0,62.0,112.0,112.0,112.0,107.0,42.0,48.0
2018,1,26,18,WIN_D_INST,107.0,157.0,68.0,107.0,157.0,116.0,116.0,116.0,342.0,342.0,342.0,342.0,180.0,180.0,180.0,180.0,176.0,176.0,211.0,211.0,176.0,333.0,333.0,117.0,117.0,158.0,158.0,158.0,114.0,114.0,119.0,116.0,116.0,82.0,71.0,71.0,71.0,71.0,71.0,73.0,73.0,73.0,73.0,73.0,73.0,315.0,315.0,57.0,57.0,314.0,136.0,306.0,32.0,351.0,43.0,43.0,43.0,43.0,43.0,43.0,43.0,43.0,2.0,333.0,2.0,333.0,333.0,184.0,184.0,184.0,352.0,352.0,321.0,321.0,321.0,2.0,68.0,30.0,30.0,30.0,9.0,17.0,351.0,23.0,23.0,351.0,351.0,110.0,74.0,107.0,76.0,76.0,37.0,354.0,62.0,40.0,40.0,40.0,40.0,72.0,252.0,252.0,96.0,96.0,169.0,169.0,169.0,141.0,141.0,141.0,3.0,3.0,73.0,37.0,37.0,29.0,99.0,127.0,88.0,56.0,128.0,341.0,160.66666666666666,223.0,250.0,62.0,42.0,42.0,228.0,228.0,228.0,228.0,278.0,278.0,37.0,37.0,286.0,286.0,286.0,145.0,145.0,145.0,145.0,145.0,145.0,145.0,82.0,82.0,82.0,71.0,71.0,71.0,156.0,156.0,156.0,156.0,156.0,241.0,241.0,241.0,73.0,73.0,98.0,329.0,24.0,24.0,299.0,326.0,35.0,17.0,17.0,163.0,340.0,28.0,354.0,354.0,11.0,11.0,11.0,105.0,174.0,34.0,34.0,234.0,234.0,94.0,84.0,62.0,47.0,357.0,9.0,9.0,197.0,197.0,197.0,197.0,349.0,349.0,349.0,73.0,73.0,73.0,139.0,139.0,139.0,141.0,264.0,264.0,264.0,255.0,59.0,59.0,334.0,201.0,201.0,222.0,222.0,222.0,233.0,93.0,65.0,65.0,31.0,65.0,138.0,138.0,138.0,23.0,97.33333333333331,97.33333333333331,160.0,12.0,12.0,12.0,162.0,162.0,162.0,162.0,0.0,0.0,0.0,0.0,0.0,43.0,43.0,43.0,14.0,6.0,6.0,88.0,28.0,28.0,28.0,57.0,40.0,23.0,40.0,354.0,354.0,31.0,88.0,306.0,343.0,343.0,343.0,13.0,13.0,21.0,21.0,57.0,57.0,3.0,338.0,264.0,264.0,264.0,62.0,59.0,59.0,59.0,3.0,326.0,326.0,326.0,51.0,51.0,51.0,53.0,53.0,174.0,174.0,174.0,174.0,107.0,107.0,101.0,101.0,91.0,91.0,359.0,237.0,116.0,109.0,239.0,345.0,135.0,94.0,94.0,85.0,83.0,105.33333333333331,344.0,159.0,159.0,48.0,298.0,113.0,187.0,187.0,40.0,163.0,228.0,157.0,73.0,219.0,352.0,354.0,94.0,82.0,326.0,61.0,143.0,117.0,252.0,40.0,8.0,306.0,306.0,32.0,76.0,74.0,76.0,278.0,340.0,352.0,287.0,108.0,99.0,114.0,114.0,114.0,77.0,107.0,354.0
2018,1,26,21,WIN_D_INST,303.0,91.0,51.0,303.0,91.0,71.0,71.0,71.0,312.0,312.0,312.0,312.0,131.0,131.0,131.0,131.0,113.0,113.0,254.3333333333333,254.3333333333333,113.0,7.0,7.0,232.0,232.0,178.0,178.0,178.0,114.0,114.0,320.0,99.0,99.0,128.0,57.0,57.0,57.0,57.0,57.0,90.0,90.0,90.0,90.0,90.0,90.0,337.0,337.0,51.0,51.0,20.0,90.0,358.0,59.0,330.0,26.0,26.0,26.0,26.0,26.0,26.0,26.0,26.0,335.0,279.0,335.0,279.0,279.0,107.0,107.0,107.0,74.0,17.0,315.0,315.0,315.0,335.0,92.0,6.0,6.0,6.0,5.0,26.0,35.0,4.0,4.0,35.0,35.0,111.0,37.0,42.0,121.0,121.0,37.0,357.0,62.0,129.0,129.0,129.0,129.0,45.0,238.0,238.0,122.0,122.0,196.0,196.0,196.0,84.0,84.0,84.0,28.0,28.0,87.0,39.0,39.0,28.0,88.0,138.0,85.0,73.0,130.0,3.0,200.0,251.0,180.0,46.0,335.0,335.0,17.0,17.0,17.0,17.0,9.0,9.0,11.0,11.0,232.0,232.0,232.0,179.0,179.0,179.0,179.0,179.0,179.0,179.0,128.0,128.0,128.0,57.0,57.0,57.0,153.0,153.0,153.0,153.0,153.0,133.0,133.0,133.0,68.0,68.0,76.0,188.0,8.0,8.0,58.0,323.0,38.0,99.0,99.0,169.0,332.0,28.0,34.0,34.0,351.0,351.0,351.0,107.0,177.0,31.0,31.0,69.0,69.0,95.0,90.0,79.0,323.0,304.0,0.0,0.0,173.0,173.0,173.0,173.0,14.0,14.0,14.0,98.0,98.0,98.0,173.0,173.0,173.0,34.0,293.0,293.0,293.0,283.0,104.0,104.0,241.0,176.0,176.0,290.0,290.0,290.0,219.0,68.0,82.0,82.0,56.0,79.0,115.0,115.0,115.0,346.0,52.0,52.0,28.0,52.0,52.0,52.0,91.0,91.0,91.0,91.0,26.0,26.0,26.0,26.0,26.0,0.0,0.0,0.0,31.0,25.0,25.0,82.0,54.0,54.0,54.0,51.0,34.0,51.0,34.0,346.0,346.0,306.0,128.0,345.0,343.0,343.0,343.0,303.0,303.0,107.0,107.0,71.0,71.0,14.0,340.0,91.0,91.0,91.0,45.0,73.0,73.0,73.0,306.0,3.0,3.0,3.0,26.0,26.0,26.0,318.0,318.0,152.0,152.0,152.0,152.0,124.0,124.0,119.0,119.0,82.0,82.0,84.0,241.0,105.0,75.0,259.0,306.0,93.0,95.0,95.0,225.0,294.0,20.0,355.0,204.0,204.0,298.0,295.0,142.0,173.0,173.0,43.0,169.0,17.0,91.0,98.0,183.0,17.0,357.0,95.0,128.0,3.0,75.0,118.0,232.0,238.0,34.0,23.0,358.0,358.0,59.0,121.0,37.0,121.0,9.0,332.0,17.0,211.0,84.0,88.0,115.0,115.0,115.0,98.33333333333331,42.0,357.0
2018,1,27,0,WIN_D_INST,230.0,275.0,331.0,230.0,275.0,108.0,108.0,108.0,329.0,329.0,329.0,329.0,108.0,108.0,108.0,108.0,139.0,139.0,228.0,228.0,139.0,350.0,350.0,109.0,109.0,165.0,165.0,165.0,107.0,107.0,128.0,85.0,85.0,145.0,79.0,79.0,79.0,79.0,79.0,90.0,90.0,90.0,90.0,90.0,90.0,48.0,48.0,63.0,63.0,37.0,82.0,30.0,58.0,23.0,48.0,48.0,48.0,48.0,48.0,48.0,48.0,48.0,332.0,184.0,332.0,184.0,184.0,69.0,69.0,69.0,66.0,41.0,314.0,314.0,314.0,332.0,80.0,6.0,6.0,6.0,302.0,30.0,53.0,41.0,41.0,53.0,53.0,91.0,88.0,73.0,93.0,93.0,74.0,3.0,62.0,70.0,70.0,70.0,70.0,275.0,351.0,351.0,6.0,6.0,214.0,214.0,214.0,70.0,70.0,70.0,40.0,40.0,6.0,34.0,34.0,35.0,99.0,98.0,0.0,59.0,75.0,355.0,124.0,272.0,146.0,62.0,157.66666666666666,157.66666666666666,6.0,6.0,6.0,6.0,28.0,28.0,194.0,194.0,215.0,215.0,215.0,164.0,164.0,164.0,164.0,164.0,164.0,164.0,145.0,145.0,145.0,79.0,79.0,79.0,170.0,170.0,170.0,170.0,170.0,201.0,201.0,201.0,20.0,20.0,65.0,165.0,4.0,4.0,85.0,8.0,63.0,85.0,85.0,146.0,343.0,28.0,20.0,20.0,26.0,26.0,26.0,103.0,177.0,68.0,68.0,88.0,88.0,89.0,200.0,59.0,55.0,349.0,357.0,357.0,265.0,265.0,265.0,265.0,28.0,28.0,28.0,30.0,30.0,30.0,167.0,167.0,167.0,160.0,220.66666666666663,220.66666666666663,220.66666666666663,272.0,34.0,34.0,45.0,164.0,164.0,287.0,287.0,287.0,250.0,73.0,56.0,56.0,37.0,68.0,143.0,143.0,143.0,8.0,82.66666666666667,82.66666666666667,39.0,1.0,1.0,1.0,108.66666666666669,108.66666666666669,108.66666666666669,108.66666666666669,353.0,353.0,353.0,353.0,353.0,20.0,20.0,20.0,77.0,53.0,53.0,74.0,48.0,48.0,48.0,9.0,37.0,11.0,37.0,343.0,343.0,31.0,82.0,313.0,343.0,343.0,343.0,290.0,290.0,256.0,256.0,43.0,43.0,20.0,17.0,264.0,264.0,264.0,357.0,298.0,298.0,298.0,111.0,343.0,343.0,343.0,9.0,9.0,9.0,293.0,293.0,143.0,143.0,143.0,143.0,115.0,115.0,159.0,159.0,37.0,37.0,171.0,53.0,102.0,73.0,329.0,299.0,82.0,89.0,89.0,112.0,257.0,309.0,322.0,281.0,281.0,287.0,281.0,329.0,333.0,333.0,48.0,146.0,6.0,275.0,30.0,222.0,41.0,3.0,89.0,145.0,343.0,59.0,115.0,109.0,351.0,37.0,40.0,30.0,30.0,58.0,93.0,88.0,93.0,28.0,343.0,22.0,253.0,86.0,99.0,66.0,66.0,66.0,111.0,73.0,3.0
2018,1,27,3,WIN_D_INST,309.0,65.0,52.0,309.0,65.0,20.0,20.0,20.0,3.0,3.0,3.0,3.0,117.0,117.0,117.0,117.0,239.0,239.0,132.0,132.0,239.0,92.0,92.0,254.0,254.0,163.0,163.0,163.0,128.0,128.0,201.0,99.0,99.0,286.0,96.0,96.0,96.0,96.0,96.0,39.0,39.0,39.0,39.0,39.0,39.0,0.0,0.0,58.0,58.0,63.0,63.0,59.0,58.0,63.0,40.0,40.0,40.0,40.0,40.0,40.0,40.0,40.0,344.0,179.0,344.0,179.0,179.0,68.0,68.0,68.0,162.0,29.0,301.0,301.0,301.0,344.0,75.0,351.0,351.0,351.0,39.0,57.0,74.0,23.0,23.0,74.0,74.0,102.0,71.0,51.0,90.0,90.0,54.0,28.0,62.0,20.0,20.0,20.0,20.0,70.0,0.0,0.0,357.0,357.0,179.0,179.0,179.0,53.0,53.0,53.0,57.0,57.0,217.0,46.0,46.0,38.0,128.0,56.0,26.0,40.0,91.0,357.0,174.0,91.0,124.0,65.0,203.0,203.0,76.0,76.0,76.0,76.0,278.0,278.0,275.0,275.0,0.0,0.0,0.0,150.0,150.0,150.0,150.0,150.0,150.0,150.0,286.0,286.0,286.0,96.0,96.0,96.0,230.0,230.0,230.0,230.0,230.0,241.0,241.0,241.0,25.0,25.0,101.0,115.0,12.0,12.0,150.0,357.0,61.0,77.0,77.0,180.0,321.0,37.0,11.0,11.0,23.0,23.0,23.0,120.0,177.0,56.0,56.0,97.0,97.0,63.0,264.0,354.0,327.0,104.0,9.0,9.0,211.0,211.0,211.0,211.0,139.0,139.0,139.0,262.0,262.0,262.0,111.0,111.0,111.0,141.0,293.0,293.0,293.0,283.0,53.0,53.0,139.0,190.0,190.0,275.0,275.0,275.0,245.0,62.0,68.0,68.0,45.0,45.0,142.33333333333334,142.33333333333334,142.33333333333334,65.0,102.0,102.0,23.0,4.0,4.0,4.0,170.0,170.0,170.0,170.0,333.0,333.0,333.0,333.0,333.0,48.0,48.0,48.0,150.0,132.0,132.0,48.0,6.0,6.0,6.0,351.0,43.0,3.0,43.0,329.0,329.0,334.0,102.0,291.0,343.0,343.0,343.0,334.0,334.0,230.0,230.0,71.0,71.0,357.0,312.0,105.0,105.0,105.0,34.0,82.0,82.0,82.0,303.0,14.0,14.0,14.0,102.0,102.0,102.0,20.0,20.0,158.0,158.0,158.0,158.0,148.0,148.0,72.0,72.0,167.0,167.0,277.0,197.0,77.0,67.0,344.0,308.0,346.0,63.0,63.0,183.66666666666663,67.0,155.0,30.0,303.0,303.0,335.0,306.0,334.0,302.0,302.0,20.0,180.0,76.0,65.0,262.0,248.0,29.0,28.0,63.0,286.0,14.0,40.0,113.0,254.0,0.0,43.0,45.0,59.0,59.0,58.0,90.0,71.0,90.0,278.0,321.0,10.0,197.0,345.0,128.0,72.0,72.0,72.0,83.0,51.0,28.0
2018,1,27,6,WIN_D_INST,156.0,93.0,64.0,156.0,93.0,266.0,266.0,266.0,118.0,118.0,118.0,118.0,161.0,161.0,161.0,161.0,177.0,177.0,227.0,227.0,177.0,126.0,126.0,248.0,248.0,85.0,85.0,85.0,118.0,118.0,150.0,357.0,357.0,227.0,31.0,31.0,31.0,31.0,31.0,307.0,307.0,307.0,307.0,307.0,307.0,317.0,317.0,65.0,65.0,63.0,61.0,62.0,56.0,36.0,0.0,0.0,0.0,0.0,0.0,0.0,0.0,0.0,311.0,330.0,311.0,330.0,330.0,163.0,163.0,163.0,349.0,39.0,309.0,309.0,309.0,311.0,49.0,356.0,356.0,356.0,43.0,23.0,72.0,67.0,67.0,72.0,72.0,103.0,136.0,143.0,143.0,143.0,34.0,42.0,62.0,128.0,128.0,128.0,128.0,34.0,77.0,77.0,357.0,357.0,355.0,355.0,355.0,14.0,14.0,14.0,65.0,65.0,59.0,54.0,54.0,97.0,105.0,20.0,14.0,18.0,256.0,30.0,191.0,312.0,11.0,132.0,172.0,172.0,253.0,253.0,253.0,253.0,176.0,176.0,94.0,94.0,94.0,94.0,94.0,26.0,26.0,26.0,26.0,26.0,26.0,26.0,227.0,227.0,227.0,31.0,31.0,31.0,252.0,252.0,252.0,252.0,252.0,230.0,230.0,230.0,59.0,59.0,62.0,127.0,12.0,12.0,139.0,335.0,71.0,88.0,88.0,346.0,332.0,39.0,68.0,68.0,20.0,20.0,20.0,75.0,90.0,8.0,8.0,104.0,104.0,75.0,39.0,352.0,74.0,104.0,26.0,26.0,209.0,209.0,209.0,209.0,320.0,320.0,320.0,343.0,343.0,343.0,218.0,218.0,218.0,98.0,59.0,59.0,59.0,295.0,28.0,28.0,357.0,247.0,247.0,285.0,285.0,285.0,233.0,76.0,42.0,42.0,357.0,42.0,152.0,152.0,152.0,62.0,131.33333333333334,131.33333333333334,124.0,329.0,329.0,329.0,351.0,351.0,351.0,351.0,336.0,336.0,336.0,336.0,336.0,105.0,105.0,105.0,122.0,177.0,177.0,74.0,9.0,9.0,9.0,346.0,317.0,20.0,317.0,6.0,6.0,102.0,68.0,326.0,343.0,343.0,343.0,54.0,54.0,146.0,146.0,116.0,116.0,14.0,338.0,91.0,91.0,91.0,0.0,70.0,70.0,70.0,3.0,37.0,37.0,37.0,312.0,312.0,312.0,329.0,329.0,135.0,135.0,135.0,135.0,97.0,97.0,156.0,156.0,40.0,40.0,280.0,343.0,179.0,52.0,46.0,354.0,326.0,75.0,75.0,254.0,54.0,256.0,355.0,249.0,249.0,309.0,337.0,317.0,292.0,292.0,77.0,346.0,253.0,93.0,343.0,208.0,39.0,42.0,75.0,227.0,37.0,80.0,129.0,248.0,77.0,317.0,57.0,62.0,62.0,56.0,143.0,136.0,143.0,176.0,332.0,15.0,84.0,230.0,105.0,115.0,115.0,115.0,27.0,143.0,42.0
2018,1,27,9,WIN_D_INST,181.0,177.0,177.0,181.0,177.0,241.0,241.0,241.0,123.0,123.0,123.0,123.0,156.0,156.0,156.0,156.0,199.0,199.0,293.0,293.0,199.0,91.0,91.0,245.0,245.0,176.0,176.0,176.0,185.0,185.0,190.0,309.0,309.0,125.0,77.0,77.0,77.0,77.0,77.0,14.0,14.0,14.0,14.0,14.0,14.0,312.0,312.0,28.0,28.0,62.0,81.0,69.0,59.0,37.0,5.666666666666667,5.666666666666667,5.666666666666667,5.666666666666667,5.666666666666667,5.666666666666667,5.666666666666667,5.666666666666667,74.0,242.3333333333333,74.0,242.3333333333333,242.3333333333333,173.0,173.0,173.0,289.0,79.0,309.0,309.0,309.0,74.0,83.0,217.0,217.0,217.0,288.0,109.0,320.0,127.0,127.0,320.0,320.0,71.0,82.0,56.0,127.0,127.0,74.0,76.0,62.0,91.0,91.0,91.0,91.0,80.0,48.0,48.0,0.0,0.0,2.0,2.0,2.0,56.0,56.0,56.0,3.0,3.0,110.0,225.0,225.0,39.0,213.0,76.0,65.0,15.0,80.0,9.0,188.0,276.0,304.0,175.0,48.0,48.0,228.0,228.0,228.0,228.0,244.0,244.0,58.0,58.0,85.0,85.0,85.0,57.0,57.0,57.0,57.0,57.0,57.0,57.0,125.0,125.0,125.0,77.0,77.0,77.0,278.0,278.0,278.0,278.0,278.0,227.0,227.0,227.0,87.0,87.0,82.0,168.0,346.0,346.0,190.0,329.0,71.0,26.0,26.0,93.0,298.0,338.0,101.0,101.0,37.0,37.0,37.0,118.0,186.0,25.0,25.0,61.0,61.0,49.0,349.0,340.0,42.0,104.0,354.0,354.0,201.0,201.0,201.0,201.0,85.0,85.0,85.0,243.0,243.0,243.0,266.0,266.0,266.0,340.0,51.0,51.0,51.0,289.0,42.0,42.0,357.0,164.0,164.0,302.0,302.0,302.0,242.0,59.0,48.0,48.0,354.0,45.0,121.0,121.0,121.0,273.0,140.66666666666666,140.66666666666666,101.0,4.0,4.0,4.0,241.0,241.0,241.0,241.0,9.0,9.0,9.0,9.0,9.0,303.0,303.0,303.0,176.0,203.0,203.0,204.0,17.0,17.0,17.0,343.0,337.0,37.0,337.0,357.0,357.0,198.0,71.0,311.0,343.0,343.0,343.0,90.0,90.0,238.0,238.0,77.0,77.0,14.0,340.0,60.0,60.0,60.0,14.0,59.0,59.0,59.0,351.0,45.0,45.0,45.0,17.0,17.0,17.0,37.0,37.0,138.0,138.0,138.0,138.0,113.0,113.0,121.0,121.0,96.0,96.0,122.0,254.0,153.0,50.0,40.0,5.0,338.0,49.0,49.0,289.0,90.0,354.0,1.0,9.0,9.0,321.0,0.0,337.0,314.0,314.0,51.0,93.0,228.0,177.0,243.0,219.0,79.0,76.0,49.0,125.0,45.0,17.0,155.0,245.0,48.0,337.0,82.0,69.0,69.0,59.0,127.0,82.0,127.0,244.0,298.0,43.0,48.0,129.0,213.0,71.0,71.0,71.0,3.0,56.0,76.0
2018,1,27,12,WIN_D_INST,192.0,173.0,106.0,192.0,173.0,190.0,190.0,190.0,121.0,121.0,121.0,121.0,173.0,173.0,173.0,173.0,101.0,101.0,21.0,21.0,101.0,87.0,87.0,208.0,208.0,278.0,278.0,278.0,113.0,113.0,147.0,317.0,317.0,145.0,0.0,0.0,0.0,0.0,0.0,217.0,217.0,217.0,217.0,217.0,217.0,295.0,295.0,25.0,25.0,54.0,49.0,43.0,325.0,12.0,292.0,292.0,292.0,292.0,292.0,292.0,292.0,292.0,105.0,148.0,105.0,148.0,148.0,34.0,34.0,34.0,292.0,4.0,307.0,307.0,307.0,105.0,39.0,318.0,318.0,318.0,299.0,279.0,276.0,312.0,312.0,276.0,276.0,41.0,9.0,65.0,17.0,17.0,241.0,357.0,62.0,85.0,85.0,85.0,85.0,126.0,51.0,51.0,326.0,326.0,348.0,348.0,348.0,45.0,45.0,45.0,26.0,26.0,346.0,8.0,8.0,35.0,77.0,34.0,351.0,23.0,95.0,312.0,158.0,200.0,354.0,256.0,68.0,68.0,158.0,158.0,158.0,158.0,235.0,235.0,68.0,68.0,309.0,309.0,309.0,6.0,6.0,6.0,6.0,6.0,6.0,6.0,145.0,145.0,145.0,0.0,0.0,0.0,196.0,196.0,196.0,196.0,196.0,255.0,255.0,255.0,301.0,301.0,158.0,159.0,11.0,11.0,137.0,340.0,65.0,179.0,179.0,172.0,338.0,242.0,197.0,197.0,37.0,37.0,37.0,103.0,169.0,183.0,183.0,88.0,88.0,63.0,6.0,352.0,345.0,3.0,3.0,3.0,156.0,156.0,156.0,156.0,105.0,105.0,105.0,203.0,203.0,203.0,252.0,252.0,252.0,135.0,53.0,53.0,53.0,326.0,20.0,20.0,351.0,133.0,133.0,241.0,241.0,241.0,231.0,34.0,31.0,31.0,301.0,11.0,169.0,169.0,169.0,231.0,103.66666666666669,103.66666666666669,115.0,350.0,350.0,350.0,272.3333333333333,272.3333333333333,272.3333333333333,272.3333333333333,0.0,0.0,0.0,0.0,0.0,99.0,99.0,99.0,153.0,188.0,188.0,193.0,346.0,346.0,346.0,292.0,309.0,20.0,309.0,11.0,11.0,172.66666666666666,82.0,328.0,343.0,343.0,343.0,103.0,103.0,102.0,102.0,62.0,62.0,14.0,315.0,99.0,99.0,99.0,340.0,70.0,70.0,70.0,99.0,0.0,0.0,0.0,37.0,37.0,37.0,281.0,281.0,158.0,158.0,158.0,158.0,170.0,170.0,133.0,133.0,68.0,68.0,104.0,65.0,167.0,103.0,73.0,24.0,298.0,63.0,63.0,271.0,73.0,261.0,320.0,51.0,51.0,51.0,340.0,351.0,301.0,301.0,71.0,172.0,158.0,173.0,203.0,214.0,4.0,357.0,63.0,145.0,0.0,10.0,107.0,208.0,51.0,309.0,48.0,43.0,43.0,325.0,17.0,9.0,17.0,235.0,338.0,294.0,141.0,289.0,77.0,92.33333333333331,92.33333333333331,92.33333333333331,40.0,65.0,357.0
2018,1,27,15,WIN_D_INST,213.0,196.0,136.0,213.0,196.0,281.0,281.0,281.0,112.0,112.0,112.0,112.0,205.0,205.0,205.0,205.0,220.0,220.0,76.0,76.0,220.0,327.0,327.0,280.0,280.0,275.0,275.0,275.0,125.0,125.0,139.0,332.0,332.0,147.0,138.0,138.0,138.0,138.0,138.0,8.0,8.0,8.0,8.0,8.0,8.0,306.0,306.0,12.0,12.0,26.0,7.0,50.0,6.0,26.0,0.0,0.0,0.0,0.0,0.0,0.0,0.0,0.0,65.0,337.0,65.0,337.0,337.0,289.0,289.0,289.0,304.0,346.0,315.0,315.0,315.0,65.0,318.0,331.0,331.0,331.0,323.0,318.0,309.0,286.0,286.0,309.0,309.0,105.0,74.0,59.0,34.0,34.0,213.0,231.0,147.33333333333334,61.0,61.0,61.0,61.0,85.0,125.0,125.0,351.0,351.0,355.0,355.0,355.0,31.0,31.0,31.0,14.0,14.0,335.0,15.0,15.0,25.0,145.0,17.0,337.0,22.0,348.0,240.0,152.0,326.0,8.0,201.0,53.0,53.0,250.0,250.0,250.0,250.0,266.0,266.0,21.0,21.0,295.0,295.0,295.0,142.0,142.0,142.0,142.0,142.0,142.0,142.0,147.0,147.0,147.0,138.0,138.0,138.0,181.0,181.0,181.0,181.0,181.0,142.0,142.0,142.0,236.0,236.0,239.0,266.0,1.0,1.0,204.0,8.0,40.0,261.0,261.0,200.0,326.0,203.0,124.0,124.0,181.0,181.0,181.0,204.0,197.0,87.0,87.0,113.0,113.0,69.0,37.0,82.0,13.0,39.0,351.0,351.0,109.0,109.0,109.0,109.0,221.0,221.0,221.0,183.3333333333333,183.3333333333333,183.3333333333333,255.0,255.0,255.0,121.0,14.0,14.0,14.0,320.0,31.0,31.0,0.0,125.0,125.0,224.0,224.0,224.0,219.0,68.0,11.0,11.0,290.0,8.0,158.66666666666666,158.66666666666666,158.66666666666666,231.0,78.0,78.0,14.0,335.0,335.0,335.0,298.0,298.0,298.0,298.0,343.0,343.0,343.0,343.0,343.0,167.0,167.0,167.0,164.0,183.0,183.0,218.0,332.0,332.0,332.0,295.0,306.0,14.0,306.0,0.0,0.0,31.0,261.0,309.0,343.0,343.0,343.0,62.0,62.0,123.0,123.0,351.0,351.0,334.0,318.0,113.0,113.0,113.0,349.0,250.0,250.0,250.0,0.0,3.0,3.0,3.0,48.0,48.0,48.0,20.0,20.0,138.0,138.0,138.0,138.0,20.0,20.0,112.0,112.0,68.0,68.0,90.0,98.0,71.0,134.0,49.0,319.0,304.0,69.0,69.0,215.0,74.0,98.0,346.0,11.0,11.0,298.0,343.0,329.0,303.0,303.0,54.0,200.0,250.0,196.0,183.3333333333333,231.0,346.0,231.0,69.0,147.0,3.0,1.0,113.0,280.0,125.0,306.0,22.0,50.0,50.0,6.0,34.0,74.0,34.0,266.0,326.0,252.0,172.0,286.0,145.0,72.0,72.0,72.0,301.0,59.0,231.0
2018,1,27,18,WIN_D_INST,76.0,156.0,148.0,76.0,156.0,292.0,292.0,292.0,346.0,346.0,346.0,346.0,9.0,9.0,9.0,9.0,275.0,275.0,79.0,79.0,275.0,310.0,310.0,7.0,7.0,287.0,287.0,287.0,211.66666666666663,211.66666666666663,230.0,351.0,351.0,136.0,196.0,196.0,196.0,196.0,196.0,20.0,20.0,20.0,20.0,20.0,20.0,337.0,337.0,25.0,25.0,310.0,332.0,346.0,310.0,0.0,0.0,0.0,0.0,0.0,0.0,0.0,0.0,0.0,272.0,309.0,272.0,309.0,309.0,48.0,48.0,48.0,285.0,315.0,315.0,315.0,315.0,272.0,30.0,351.0,351.0,351.0,330.0,286.0,335.0,311.0,311.0,335.0,335.0,94.0,65.0,65.0,129.0,129.0,349.0,340.0,120.33333333333331,51.0,51.0,51.0,51.0,73.0,96.0,96.0,326.0,326.0,352.0,352.0,352.0,14.0,14.0,14.0,23.0,23.0,98.0,12.0,12.0,39.0,242.66666666666663,312.0,289.0,70.66666666666667,325.0,250.0,31.0,330.0,329.0,164.0,90.0,90.0,323.0,323.0,323.0,323.0,272.0,272.0,28.0,28.0,323.0,323.0,323.0,249.0,249.0,249.0,249.0,249.0,249.0,249.0,136.0,136.0,136.0,196.0,196.0,196.0,232.0,232.0,232.0,232.0,232.0,108.0,108.0,108.0,253.0,253.0,25.0,144.0,353.0,353.0,202.0,354.0,33.0,37.0,37.0,177.0,346.0,321.0,160.33333333333334,160.33333333333334,9.0,9.0,9.0,153.0,326.0,354.0,354.0,110.0,110.0,70.0,338.0,349.0,18.0,338.0,334.0,334.0,340.0,340.0,340.0,340.0,332.0,332.0,332.0,116.0,116.0,116.0,264.0,264.0,264.0,225.0,28.0,28.0,28.0,247.0,6.0,6.0,252.0,31.0,31.0,246.0,246.0,246.0,28.0,318.0,0.0,0.0,318.0,338.0,290.0,290.0,290.0,238.3333333333333,244.66666666666663,244.66666666666663,59.0,8.0,8.0,8.0,255.0,255.0,255.0,255.0,294.3333333333333,294.3333333333333,294.3333333333333,294.3333333333333,294.3333333333333,232.0,232.0,232.0,278.0,152.0,152.0,173.0,334.0,334.0,334.0,323.0,332.0,42.0,332.0,329.0,329.0,60.0,105.0,326.0,343.0,343.0,343.0,223.0,223.0,85.0,85.0,354.0,354.0,9.0,323.0,91.0,91.0,91.0,26.0,121.0,121.0,121.0,94.0,349.0,349.0,349.0,40.0,40.0,40.0,200.0,200.0,152.0,152.0,152.0,152.0,359.0,359.0,143.0,143.0,303.0,303.0,88.0,50.0,173.0,151.33333333333334,45.0,301.0,295.0,70.0,70.0,340.0,63.0,126.0,15.0,45.0,45.0,304.0,337.0,340.0,244.0,244.0,43.0,177.0,323.0,156.0,116.0,239.0,315.0,340.0,70.0,136.0,349.0,256.0,87.0,7.0,96.0,332.0,2.0,346.0,346.0,310.0,129.0,65.0,129.0,272.0,346.0,251.0,258.0,295.0,242.66666666666663,143.0,143.0,143.0,278.0,65.0,340.0
2018,1,27,21,WIN_D_INST,321.0,307.0,330.0,321.0,307.0,292.0,292.0,292.0,345.0,345.0,345.0,345.0,335.0,335.0,335.0,335.0,103.0,103.0,295.0,295.0,103.0,312.0,312.0,6.0,6.0,323.0,323.0,323.0,282.0,282.0,37.0,334.0,334.0,145.0,142.0,142.0,142.0,142.0,142.0,28.0,28.0,28.0,28.0,28.0,28.0,320.0,320.0,27.0,27.0,328.0,303.0,15.0,339.0,345.0,340.0,340.0,340.0,340.0,340.0,340.0,340.0,340.0,330.0,15.0,330.0,15.0,15.0,49.0,49.0,49.0,296.0,289.0,317.0,317.0,317.0,330.0,88.0,348.0,348.0,348.0,337.0,312.0,342.0,338.0,338.0,342.0,342.0,39.0,332.0,39.0,124.0,124.0,274.3333333333333,20.0,123.0,46.0,46.0,46.0,46.0,58.0,48.0,48.0,286.0,286.0,337.0,337.0,337.0,59.0,59.0,59.0,14.0,14.0,65.0,314.0,314.0,89.66666666666667,317.0,323.0,340.0,147.33333333333334,341.0,296.0,309.0,335.0,338.0,198.0,293.0,293.0,11.0,11.0,11.0,11.0,272.0,272.0,283.0,283.0,275.0,275.0,275.0,320.0,320.0,320.0,320.0,320.0,320.0,320.0,145.0,145.0,145.0,142.0,142.0,142.0,215.0,215.0,215.0,215.0,215.0,261.0,261.0,261.0,20.0,20.0,25.0,315.0,325.0,325.0,194.0,0.0,41.0,244.0,244.0,141.0,42.0,243.0,135.0,135.0,9.0,9.0,9.0,117.0,357.0,250.0,250.0,147.0,147.0,79.0,174.0,39.0,55.0,28.0,326.0,326.0,196.0,196.0,196.0,196.0,298.0,298.0,298.0,214.0,214.0,214.0,261.0,261.0,261.0,87.0,354.0,354.0,354.0,269.0,39.0,39.0,340.0,184.0,184.0,234.0,234.0,234.0,233.0,326.0,53.0,53.0,290.0,332.0,321.0,321.0,321.0,236.3333333333333,241.0,241.0,34.0,24.0,24.0,24.0,289.0,289.0,289.0,289.0,187.0,187.0,187.0,187.0,187.0,170.0,170.0,170.0,6.0,42.0,42.0,40.0,215.0,215.0,215.0,317.0,349.0,20.0,349.0,320.0,320.0,14.0,71.0,290.0,343.0,343.0,343.0,354.0,354.0,133.0,133.0,351.0,351.0,3.0,343.0,266.0,266.0,266.0,113.0,179.0,179.0,179.0,94.0,340.0,340.0,340.0,9.0,9.0,9.0,177.33333333333334,177.33333333333334,135.0,135.0,135.0,135.0,350.0,350.0,134.0,134.0,349.0,349.0,90.0,246.0,74.0,72.33333333333333,28.0,300.0,309.0,79.0,79.0,8.0,322.0,271.0,357.0,43.0,43.0,96.0,343.0,329.0,252.0,252.0,60.0,141.0,11.0,307.0,214.0,225.0,289.0,20.0,79.0,145.0,340.0,299.0,76.0,6.0,48.0,349.0,356.0,15.0,15.0,339.0,124.0,332.0,124.0,272.0,42.0,279.0,332.0,325.0,317.0,150.33333333333334,150.33333333333334,150.33333333333334,331.0,39.0,20.0
2018,1,28,0,WIN_D_INST,315.0,345.0,336.0,315.0,345.0,334.0,334.0,334.0,295.0,295.0,295.0,295.0,335.0,335.0,335.0,335.0,84.0,84.0,210.0,210.0,84.0,0.0,0.0,349.0,349.0,353.0,353.0,353.0,12.0,12.0,20.0,198.0,198.0,181.0,102.0,102.0,102.0,102.0,102.0,39.0,39.0,39.0,39.0,39.0,39.0,326.0,326.0,356.0,356.0,358.0,331.0,351.0,346.0,339.0,317.0,317.0,317.0,317.0,317.0,317.0,317.0,317.0,324.0,351.0,324.0,351.0,351.0,85.0,85.0,85.0,293.0,293.0,304.0,304.0,304.0,324.0,161.0,341.0,341.0,341.0,316.0,293.0,342.0,41.0,41.0,342.0,342.0,65.0,40.0,68.0,132.0,132.0,283.0,262.0,87.66666666666667,22.0,22.0,22.0,22.0,74.0,204.0,204.0,190.0,190.0,325.0,325.0,325.0,37.0,37.0,37.0,6.0,6.0,115.0,349.0,349.0,9.0,315.0,28.0,354.0,47.0,288.0,310.0,346.0,323.0,0.0,114.0,242.0,242.0,287.0,287.0,287.0,287.0,326.0,326.0,119.0,119.0,232.0,232.0,232.0,340.0,340.0,340.0,340.0,340.0,340.0,340.0,181.0,181.0,181.0,102.0,102.0,102.0,224.0,224.0,224.0,224.0,224.0,306.0,306.0,306.0,239.0,239.0,165.0,72.0,12.0,12.0,132.0,354.0,30.0,238.66666666666663,238.66666666666663,211.0,278.0,284.0,14.0,14.0,357.0,357.0,357.0,129.0,20.0,222.0,222.0,23.0,23.0,75.0,222.0,307.0,0.0,315.0,298.0,298.0,235.66666666666663,235.66666666666663,235.66666666666663,235.66666666666663,241.0,241.0,241.0,296.0,296.0,296.0,170.33333333333334,170.33333333333334,170.33333333333334,335.0,180.0,180.0,180.0,283.0,242.0,242.0,218.0,181.0,181.0,214.0,214.0,214.0,239.0,323.0,338.0,338.0,318.0,349.0,340.0,340.0,340.0,209.0,194.66666666666663,194.66666666666663,37.0,1.0,1.0,1.0,295.0,295.0,295.0,295.0,247.0,247.0,247.0,247.0,247.0,244.0,244.0,244.0,20.0,20.0,20.0,51.0,230.0,230.0,230.0,278.0,343.0,17.0,343.0,235.0,235.0,357.0,173.0,301.0,343.0,343.0,343.0,48.0,48.0,0.0,0.0,79.0,79.0,28.0,354.0,261.0,261.0,261.0,332.0,53.0,53.0,53.0,60.0,48.0,48.0,48.0,82.0,82.0,82.0,332.0,332.0,152.0,152.0,152.0,152.0,14.0,14.0,55.0,55.0,31.0,31.0,93.0,300.0,128.0,350.0,328.0,172.0,307.0,75.0,75.0,1.0,302.0,304.0,348.0,37.0,37.0,104.0,332.0,329.0,152.0,152.0,9.0,211.0,287.0,345.0,296.0,239.0,293.0,262.0,75.0,181.0,48.0,268.0,110.0,349.0,204.0,343.0,354.0,351.0,351.0,346.0,132.0,40.0,132.0,326.0,278.0,301.0,228.0,3.0,315.0,122.0,122.0,122.0,321.0,68.0,262.0
2018,1,28,3,WIN_D_INST,34.0,116.0,346.0,34.0,116.0,326.0,326.0,326.0,290.0,290.0,290.0,290.0,7.0,7.0,7.0,7.0,151.0,151.0,215.0,215.0,151.0,353.0,353.0,39.0,39.0,346.0,346.0,346.0,108.0,108.0,343.0,272.0,272.0,317.0,306.0,306.0,306.0,306.0,306.0,28.0,28.0,28.0,28.0,28.0,28.0,317.0,317.0,350.0,350.0,319.0,342.0,354.0,331.0,348.0,315.0,315.0,315.0,315.0,315.0,315.0,315.0,315.0,338.0,316.0,338.0,316.0,316.0,332.0,332.0,332.0,286.0,316.0,304.0,304.0,304.0,338.0,179.0,339.0,339.0,339.0,329.0,296.0,12.0,331.0,331.0,12.0,12.0,87.0,6.0,45.0,90.0,90.0,164.0,276.0,137.33333333333334,8.0,8.0,8.0,8.0,76.0,176.0,176.0,136.0,136.0,336.0,336.0,336.0,28.0,28.0,28.0,354.0,354.0,20.0,354.0,354.0,348.0,111.0,304.0,315.0,275.0,322.0,338.0,338.0,315.0,332.0,34.0,259.0,259.0,323.0,323.0,323.0,323.0,298.0,298.0,322.0,322.0,281.0,281.0,281.0,332.0,332.0,332.0,332.0,332.0,332.0,332.0,317.0,317.0,317.0,306.0,306.0,306.0,244.0,244.0,244.0,244.0,244.0,295.0,295.0,295.0,20.0,20.0,76.0,268.0,9.0,9.0,251.0,349.0,67.0,23.0,23.0,273.0,312.0,101.0,160.0,160.0,20.0,20.0,20.0,147.0,290.0,65.0,65.0,18.0,18.0,63.0,256.0,236.0,256.0,335.0,326.0,326.0,206.0,206.0,206.0,206.0,317.0,317.0,317.0,294.0,294.0,294.0,326.0,326.0,326.0,278.0,219.0,219.0,219.0,261.0,245.0,245.0,261.0,173.0,173.0,235.0,235.0,235.0,236.0,3.0,340.0,340.0,323.0,346.0,329.0,329.0,329.0,214.0,83.33333333333333,83.33333333333333,6.0,1.0,1.0,1.0,292.0,292.0,292.0,292.0,126.33333333333331,126.33333333333331,126.33333333333331,126.33333333333331,126.33333333333331,210.0,210.0,210.0,37.0,20.0,20.0,0.0,94.0,94.0,94.0,283.0,349.0,37.0,349.0,334.0,334.0,28.0,99.0,0.0,343.0,343.0,343.0,50.0,50.0,140.0,140.0,286.0,286.0,357.0,343.0,130.0,130.0,130.0,40.0,121.0,121.0,121.0,85.0,6.0,6.0,6.0,37.0,37.0,37.0,264.0,264.0,149.0,149.0,149.0,149.0,339.0,339.0,133.0,133.0,23.0,23.0,83.0,260.0,37.0,65.0,69.0,311.0,338.0,63.0,63.0,6.0,312.0,191.0,34.0,269.0,269.0,90.0,201.0,343.0,9.0,9.0,54.0,273.0,323.0,116.0,294.0,208.0,316.0,276.0,63.0,317.0,6.0,288.0,124.0,39.0,176.0,349.0,332.0,354.0,354.0,331.0,90.0,6.0,90.0,298.0,312.0,307.0,259.0,357.0,111.0,84.66666666666667,84.66666666666667,84.66666666666667,308.0,45.0,276.0
2018,1,28,6,WIN_D_INST,130.0,277.0,294.0,130.0,277.0,275.0,275.0,275.0,289.0,289.0,289.0,289.0,110.0,110.0,110.0,110.0,257.0,257.0,231.0,231.0,257.0,330.0,330.0,27.0,27.0,331.0,331.0,331.0,161.0,161.0,17.0,113.0,113.0,283.0,232.0,232.0,232.0,232.0,232.0,34.0,34.0,34.0,34.0,34.0,34.0,315.0,315.0,345.0,345.0,333.0,12.0,312.0,338.0,303.0,0.0,0.0,0.0,0.0,0.0,0.0,0.0,0.0,23.0,347.0,23.0,347.0,347.0,354.0,354.0,354.0,11.0,290.0,319.0,319.0,319.0,23.0,27.0,316.0,316.0,316.0,320.0,296.0,356.0,320.0,320.0,356.0,356.0,337.0,317.0,323.0,309.0,309.0,74.0,82.0,50.0,274.0,274.0,274.0,274.0,161.0,261.0,261.0,351.0,351.0,297.0,297.0,297.0,307.0,307.0,307.0,306.0,306.0,287.0,323.0,323.0,347.0,170.0,338.0,346.0,341.0,67.0,342.0,346.0,322.0,17.0,154.0,273.0,273.0,326.0,326.0,326.0,326.0,292.0,292.0,331.0,331.0,309.0,309.0,309.0,266.0,266.0,266.0,266.0,266.0,266.0,266.0,283.0,283.0,283.0,232.0,232.0,232.0,238.0,238.0,238.0,238.0,238.0,292.0,292.0,292.0,82.0,82.0,217.0,194.0,54.0,54.0,212.0,0.0,70.0,62.0,62.0,169.0,87.0,42.0,59.0,59.0,0.0,0.0,0.0,144.0,349.0,87.0,87.0,114.0,114.0,80.0,127.0,70.0,230.0,25.0,23.0,23.0,306.0,306.0,306.0,306.0,14.0,14.0,14.0,231.0,231.0,231.0,317.0,317.0,317.0,349.0,293.0,293.0,293.0,266.0,228.0,228.0,249.0,190.0,190.0,271.0,271.0,271.0,248.0,326.0,326.0,326.0,315.0,8.0,335.0,335.0,335.0,236.0,330.6666666666667,330.6666666666667,0.0,37.0,37.0,37.0,269.0,269.0,269.0,269.0,265.0,265.0,265.0,265.0,265.0,272.0,272.0,272.0,60.0,23.0,23.0,79.0,45.0,45.0,45.0,269.0,317.0,28.0,317.0,303.0,303.0,28.0,88.0,4.0,343.0,343.0,343.0,33.0,33.0,150.0,150.0,17.0,17.0,40.0,20.0,57.0,57.0,57.0,0.0,262.0,262.0,262.0,68.0,14.0,14.0,14.0,196.0,196.0,196.0,42.0,42.0,129.0,129.0,129.0,129.0,68.0,68.0,111.0,111.0,340.0,340.0,95.0,85.0,187.0,27.0,83.0,342.0,332.0,80.0,80.0,331.0,239.0,133.0,1.0,190.0,190.0,25.0,201.0,34.0,314.0,314.0,349.0,169.0,326.0,277.0,231.0,245.0,290.0,82.0,80.0,283.0,14.0,324.0,113.0,27.0,261.0,317.0,327.0,312.0,312.0,338.0,309.0,317.0,309.0,292.0,87.0,334.0,295.0,274.0,170.0,93.66666666666669,93.66666666666669,93.66666666666669,295.0,323.0,82.0
2018,1,28,9,WIN_D_INST,199.0,189.0,333.0,199.0,189.0,278.0,278.0,278.0,285.0,285.0,285.0,285.0,203.0,203.0,203.0,203.0,280.0,280.0,84.0,84.0,280.0,335.0,335.0,227.0,227.0,252.0,252.0,252.0,241.0,241.0,272.0,255.0,255.0,272.0,235.0,235.0,235.0,235.0,235.0,262.0,262.0,262.0,262.0,262.0,262.0,343.0,343.0,340.0,340.0,336.0,326.0,347.0,334.0,327.0,20.0,20.0,20.0,20.0,20.0,20.0,20.0,20.0,347.0,338.0,347.0,338.0,338.0,290.0,290.0,290.0,280.0,318.0,315.0,315.0,315.0,347.0,72.0,339.0,339.0,339.0,338.0,308.0,301.0,289.0,289.0,301.0,301.0,68.0,82.0,65.0,20.0,20.0,142.0,73.0,30.0,162.0,162.0,162.0,162.0,58.0,139.0,139.0,334.0,334.0,326.0,326.0,326.0,208.0,208.0,208.0,34.0,34.0,304.0,301.0,301.0,300.0,139.0,6.0,317.0,0.0,324.0,331.0,318.0,319.0,28.0,277.0,287.0,287.0,335.0,335.0,335.0,335.0,255.0,255.0,311.0,311.0,303.0,303.0,303.0,269.0,269.0,269.0,269.0,269.0,269.0,269.0,272.0,272.0,272.0,235.0,235.0,235.0,198.0,198.0,198.0,198.0,198.0,292.0,292.0,292.0,84.0,84.0,113.0,150.0,240.0,240.0,214.0,332.0,64.0,300.0,300.0,338.0,104.0,17.0,318.0,318.0,51.0,51.0,51.0,100.0,343.0,222.0,222.0,114.0,114.0,66.0,248.0,349.0,228.0,48.0,23.0,23.0,284.0,284.0,284.0,284.0,269.0,269.0,269.0,244.0,244.0,244.0,334.0,334.0,334.0,318.0,262.0,262.0,262.0,266.0,239.0,239.0,320.0,232.0,232.0,253.0,253.0,253.0,239.0,354.0,312.0,312.0,340.0,346.0,8.0,8.0,8.0,228.0,251.3333333333333,251.3333333333333,62.0,12.0,12.0,12.0,275.0,275.0,275.0,275.0,238.66666666666663,238.66666666666663,238.66666666666663,238.66666666666663,238.66666666666663,252.0,252.0,252.0,210.0,87.0,87.0,94.0,60.0,60.0,60.0,247.0,320.0,25.0,320.0,283.0,283.0,3.0,65.0,344.0,343.0,343.0,343.0,54.0,54.0,119.0,119.0,77.0,77.0,14.0,8.0,37.0,37.0,37.0,68.0,56.0,56.0,56.0,113.0,105.0,105.0,105.0,238.0,238.0,238.0,70.0,70.0,135.0,135.0,135.0,135.0,31.0,31.0,111.0,111.0,340.0,340.0,89.0,133.0,156.0,126.0,66.0,293.0,340.0,66.0,66.0,17.0,277.0,262.0,344.0,320.0,320.0,90.0,77.0,320.0,330.0,330.0,48.0,338.0,335.0,189.0,244.0,225.0,318.0,73.0,66.0,272.0,105.0,338.0,79.0,227.0,139.0,320.0,320.0,347.0,347.0,334.0,20.0,82.0,20.0,255.0,104.0,296.0,290.0,338.0,139.0,131.0,131.0,131.0,310.0,65.0,73.0
2018,1,28,12,WIN_D_INST,246.0,220.0,282.0,246.0,220.0,252.0,252.0,252.0,284.0,284.0,284.0,284.0,215.0,215.0,215.0,215.0,283.0,283.0,297.0,297.0,283.0,337.0,337.0,258.0,258.0,220.0,220.0,220.0,214.0,214.0,283.0,340.0,340.0,340.0,224.0,224.0,224.0,224.0,224.0,208.0,208.0,208.0,208.0,208.0,208.0,133.0,133.0,345.0,345.0,294.0,263.0,269.0,321.0,322.0,317.0,317.0,317.0,317.0,317.0,317.0,317.0,317.0,12.0,317.0,12.0,317.0,317.0,346.0,346.0,346.0,308.0,308.0,315.0,315.0,315.0,12.0,82.0,336.0,336.0,336.0,306.0,293.0,1.0,2.0,2.0,1.0,1.0,67.0,26.0,65.0,84.0,84.0,278.0,290.0,357.0,62.0,62.0,62.0,62.0,138.0,201.0,201.0,261.0,261.0,284.0,284.0,284.0,152.0,152.0,152.0,6.0,6.0,335.0,314.0,314.0,307.0,255.0,321.0,315.0,288.0,275.0,294.0,321.0,297.0,304.0,160.0,191.0,191.0,281.0,281.0,281.0,281.0,312.0,312.0,289.0,289.0,283.0,283.0,283.0,351.0,351.0,351.0,351.0,351.0,351.0,351.0,340.0,340.0,340.0,224.0,224.0,224.0,162.0,162.0,162.0,162.0,162.0,278.0,278.0,278.0,278.0,278.0,231.0,334.0,302.0,302.0,141.0,354.0,77.0,0.0,0.0,158.0,90.0,315.0,217.66666666666663,217.66666666666663,23.0,23.0,23.0,12.0,335.0,219.0,219.0,140.0,140.0,76.0,245.0,357.0,246.0,8.0,68.0,68.0,291.0,291.0,291.0,291.0,281.0,281.0,281.0,289.0,289.0,289.0,323.0,323.0,323.0,34.0,262.0,262.0,262.0,264.0,208.0,208.0,275.0,312.0,312.0,243.0,243.0,243.0,284.0,318.0,295.0,295.0,301.0,349.0,352.0,352.0,352.0,194.0,241.66666666666663,241.66666666666663,20.0,23.0,23.0,23.0,286.0,286.0,286.0,286.0,168.33333333333334,168.33333333333334,168.33333333333334,168.33333333333334,168.33333333333334,224.0,224.0,224.0,198.0,200.0,200.0,196.0,315.0,315.0,315.0,317.0,317.0,42.0,317.0,37.0,37.0,20.0,65.0,325.0,343.0,343.0,343.0,227.0,227.0,0.0,0.0,317.0,317.0,45.0,340.0,9.0,9.0,9.0,9.0,73.0,73.0,73.0,126.66666666666669,40.0,40.0,40.0,201.0,201.0,201.0,107.0,107.0,149.0,149.0,149.0,149.0,309.0,309.0,84.0,84.0,337.0,337.0,96.0,41.0,162.0,65.0,76.0,311.0,17.0,76.0,76.0,334.0,291.0,179.0,1.0,179.0,179.0,101.0,173.0,346.0,308.0,308.0,139.0,158.0,281.0,220.0,289.0,222.0,308.0,290.0,76.0,340.0,40.0,296.0,73.0,258.0,201.0,317.0,322.0,269.0,269.0,321.0,84.0,26.0,84.0,312.0,90.0,272.0,262.0,252.0,255.0,92.0,92.0,92.0,285.0,65.0,290.0
2018,1,28,15,WIN_D_INST,268.0,287.0,280.0,268.0,287.0,261.0,261.0,261.0,289.0,289.0,289.0,289.0,219.0,219.0,219.0,219.0,264.0,264.0,266.0,266.0,264.0,321.0,321.0,70.0,70.0,243.0,243.0,243.0,273.0,273.0,295.0,235.0,235.0,145.0,179.0,179.0,179.0,179.0,179.0,287.0,287.0,287.0,287.0,287.0,287.0,139.0,139.0,333.0,333.0,337.0,295.0,16.0,291.0,296.0,340.0,340.0,340.0,340.0,340.0,340.0,340.0,340.0,341.0,340.0,341.0,340.0,340.0,54.0,54.0,54.0,6.0,323.0,308.0,308.0,308.0,341.0,75.0,328.0,328.0,328.0,282.0,280.0,345.0,302.0,302.0,345.0,345.0,348.0,23.0,68.0,25.0,25.0,170.0,250.0,357.0,30.0,30.0,30.0,30.0,71.0,221.0,221.0,315.0,315.0,321.0,321.0,321.0,115.0,115.0,115.0,315.0,315.0,290.0,250.0,250.0,188.0,221.0,346.0,281.0,278.0,290.0,264.0,158.0,284.0,219.0,229.0,250.0,250.0,323.0,323.0,323.0,323.0,334.0,334.0,245.0,245.0,303.0,303.0,303.0,198.0,198.0,198.0,198.0,198.0,198.0,198.0,145.0,145.0,145.0,179.0,179.0,179.0,167.0,167.0,167.0,167.0,167.0,159.0,159.0,159.0,281.0,281.0,273.0,353.0,334.0,334.0,12.0,346.0,86.0,91.0,91.0,177.0,98.0,121.66666666666669,222.0,222.0,23.0,23.0,23.0,133.0,278.0,270.0,270.0,81.0,81.0,84.0,129.0,45.0,343.0,332.0,281.0,281.0,30.0,30.0,30.0,30.0,54.0,54.0,54.0,266.0,266.0,266.0,286.0,286.0,286.0,211.0,107.0,107.0,107.0,266.0,233.0,233.0,196.0,193.0,193.0,203.0,203.0,203.0,222.0,307.0,307.0,307.0,318.0,267.0,298.0,298.0,298.0,222.0,315.3333333333333,315.3333333333333,3.0,0.0,0.0,0.0,281.0,281.0,281.0,281.0,238.0,238.0,238.0,238.0,238.0,218.0,218.0,218.0,221.0,211.0,211.0,210.0,230.0,230.0,230.0,298.0,326.0,53.0,326.0,136.0,136.0,72.0,85.0,304.0,343.0,343.0,343.0,282.0,282.0,0.0,0.0,28.0,28.0,346.0,6.0,275.0,275.0,275.0,31.0,287.0,287.0,287.0,77.0,264.0,264.0,264.0,34.0,34.0,34.0,318.0,318.0,143.0,143.0,143.0,143.0,343.0,343.0,91.0,91.0,292.0,292.0,105.0,321.0,289.0,102.0,181.0,337.0,98.0,84.0,84.0,339.0,133.0,286.0,356.0,34.0,34.0,107.0,37.0,207.0,319.0,319.0,111.0,177.0,323.0,287.0,266.0,203.0,323.0,250.0,84.0,145.0,264.0,320.0,124.0,70.0,221.0,326.0,313.0,16.0,16.0,291.0,25.0,23.0,25.0,334.0,98.0,259.0,256.0,141.0,221.0,60.0,60.0,60.0,288.0,68.0,250.0
2018,1,28,18,WIN_D_INST,87.0,4.0,279.0,87.0,4.0,275.0,275.0,275.0,278.0,278.0,278.0,278.0,329.0,329.0,329.0,329.0,266.0,266.0,310.0,310.0,266.0,300.0,300.0,210.3333333333333,210.3333333333333,329.0,329.0,329.0,251.0,251.0,264.0,9.0,9.0,289.0,272.0,272.0,272.0,272.0,272.0,329.0,329.0,329.0,329.0,329.0,329.0,351.0,351.0,288.0,288.0,349.0,282.0,282.0,280.0,287.0,26.0,26.0,26.0,26.0,26.0,26.0,26.0,26.0,350.0,335.0,350.0,335.0,335.0,320.0,320.0,320.0,304.0,310.0,307.0,307.0,307.0,350.0,59.0,331.0,331.0,331.0,277.0,274.0,356.0,354.0,354.0,356.0,356.0,356.0,40.0,335.0,349.0,349.0,329.0,193.0,0.0,25.0,25.0,25.0,25.0,63.0,54.0,54.0,272.0,272.0,307.0,307.0,307.0,129.0,129.0,129.0,196.0,196.0,256.0,274.0,274.0,226.0,261.0,312.0,278.0,287.0,336.0,251.0,295.0,283.0,233.0,217.0,183.0,183.0,323.0,323.0,323.0,323.0,142.0,142.0,264.0,264.0,295.0,295.0,295.0,309.0,309.0,309.0,309.0,309.0,309.0,309.0,289.0,289.0,289.0,272.0,272.0,272.0,153.0,153.0,153.0,153.0,153.0,119.0,119.0,119.0,293.0,293.0,338.0,320.0,54.0,54.0,8.0,240.0,63.0,334.0,334.0,183.0,270.0,42.0,17.0,17.0,0.0,0.0,0.0,133.0,301.0,177.0,177.0,154.0,154.0,88.0,6.0,11.0,4.0,267.0,272.0,272.0,63.0,63.0,63.0,63.0,230.0,230.0,230.0,228.0,228.0,228.0,283.0,283.0,283.0,211.0,101.0,101.0,101.0,249.0,239.0,239.0,235.0,181.0,181.0,217.0,217.0,217.0,248.0,278.0,278.0,278.0,301.0,256.0,124.0,124.0,124.0,217.0,237.3333333333333,237.3333333333333,65.0,342.0,342.0,342.0,281.0,281.0,281.0,281.0,310.3333333333333,310.3333333333333,310.3333333333333,310.3333333333333,310.3333333333333,227.0,227.0,227.0,241.0,188.0,188.0,241.0,227.0,227.0,227.0,306.0,329.0,20.0,329.0,201.0,201.0,85.0,94.0,290.0,343.0,343.0,343.0,275.0,275.0,0.0,0.0,323.0,323.0,37.0,3.0,230.0,230.0,230.0,196.0,76.0,76.0,76.0,119.0,337.0,337.0,337.0,11.0,11.0,11.0,107.0,107.0,11.0,11.0,11.0,11.0,355.0,355.0,189.0,189.0,266.0,266.0,93.0,324.0,181.0,175.0,116.0,356.0,127.0,88.0,88.0,29.0,276.0,262.3333333333333,43.0,20.0,20.0,84.0,91.0,235.0,233.0,233.0,91.0,183.0,323.0,4.0,228.0,231.0,310.0,193.0,88.0,289.0,337.0,286.0,146.0,210.3333333333333,54.0,329.0,339.0,282.0,282.0,280.0,349.0,40.0,349.0,142.0,270.0,319.0,301.0,126.0,261.0,43.0,43.0,43.0,260.0,335.0,193.0
2018,1,28,21,WIN_D_INST,37.0,20.0,274.0,37.0,20.0,317.0,317.0,317.0,287.0,287.0,287.0,287.0,275.0,275.0,275.0,275.0,121.0,121.0,276.0,276.0,121.0,296.0,296.0,314.0,314.0,288.0,288.0,288.0,234.0,234.0,221.0,172.0,172.0,306.0,283.0,283.0,283.0,283.0,283.0,354.0,354.0,354.0,354.0,354.0,354.0,340.0,340.0,293.0,293.0,334.0,251.0,327.0,291.0,305.0,3.0,3.0,3.0,3.0,3.0,3.0,3.0,3.0,318.0,330.0,318.0,330.0,330.0,11.0,11.0,11.0,245.0,311.0,308.0,308.0,308.0,318.0,211.0,294.0,294.0,294.0,230.0,284.0,346.0,34.0,34.0,346.0,346.0,325.0,337.0,45.0,281.0,281.0,57.0,315.0,0.0,83.0,83.0,83.0,83.0,308.0,351.0,351.0,272.0,272.0,331.0,331.0,331.0,8.0,8.0,8.0,60.0,60.0,278.0,287.0,287.0,175.0,281.0,0.0,329.0,282.0,150.0,283.0,14.0,272.0,242.0,97.0,245.0,245.0,323.0,323.0,323.0,323.0,45.0,45.0,240.0,240.0,303.0,303.0,303.0,298.0,298.0,298.0,298.0,298.0,298.0,298.0,306.0,306.0,306.0,283.0,283.0,283.0,164.0,164.0,164.0,164.0,164.0,71.0,71.0,71.0,225.0,225.0,276.0,320.0,19.0,19.0,89.0,233.3333333333333,52.0,65.0,65.0,259.0,298.0,8.0,343.0,343.0,20.0,20.0,20.0,126.0,290.0,124.0,124.0,229.0,229.0,81.0,68.0,96.0,343.0,338.0,99.0,99.0,307.0,307.0,307.0,307.0,130.0,130.0,130.0,254.0,254.0,254.0,255.0,255.0,255.0,231.0,127.0,127.0,127.0,289.0,264.0,264.0,221.0,266.0,266.0,228.0,228.0,228.0,245.0,278.0,295.0,295.0,349.0,222.0,163.0,163.0,163.0,228.0,129.33333333333334,129.33333333333334,17.0,340.0,340.0,340.0,249.0,249.0,249.0,249.0,297.0,297.0,297.0,297.0,297.0,207.0,207.0,207.0,269.0,45.0,45.0,266.0,340.0,340.0,340.0,300.0,315.0,37.0,315.0,213.0,213.0,0.0,244.0,323.0,343.0,343.0,343.0,43.0,43.0,0.0,0.0,300.0,300.0,14.0,354.0,111.0,111.0,111.0,45.0,165.0,165.0,165.0,74.0,249.0,249.0,249.0,94.0,94.0,94.0,273.0,273.0,349.0,349.0,349.0,349.0,313.0,313.0,79.0,79.0,312.0,312.0,94.0,112.0,130.0,166.0,283.0,319.0,332.0,81.0,81.0,12.0,172.0,348.0,18.0,79.0,79.0,90.0,102.0,94.0,110.0,110.0,60.0,259.0,323.0,20.0,254.0,248.0,311.0,315.0,81.0,306.0,249.0,267.0,166.0,314.0,351.0,315.0,293.0,327.0,327.0,291.0,281.0,337.0,281.0,45.0,298.0,270.0,295.0,139.0,281.0,34.666666666666664,34.666666666666664,34.666666666666664,179.0,45.0,315.0
2018,1,29,0,WIN_D_INST,16.0,313.0,296.0,16.0,313.0,317.0,317.0,317.0,307.0,307.0,307.0,307.0,22.0,22.0,22.0,22.0,260.0,260.0,266.0,266.0,260.0,306.0,306.0,253.0,253.0,261.0,261.0,261.0,243.3333333333333,243.3333333333333,201.0,272.0,272.0,286.0,303.0,303.0,303.0,303.0,303.0,301.0,301.0,301.0,301.0,301.0,301.0,317.0,317.0,302.0,302.0,342.0,266.3333333333333,316.0,304.0,281.0,340.0,340.0,340.0,340.0,340.0,340.0,340.0,340.0,333.0,320.0,333.0,320.0,320.0,0.0,0.0,0.0,333.0,289.0,330.0,330.0,330.0,333.0,66.0,326.0,326.0,326.0,298.0,268.0,6.0,24.0,24.0,6.0,6.0,306.0,315.0,113.0,28.0,28.0,37.0,11.0,0.0,130.0,130.0,130.0,130.0,237.0,357.0,357.0,283.0,283.0,296.0,296.0,296.0,14.0,14.0,14.0,71.0,71.0,68.0,300.0,300.0,288.0,255.0,304.0,247.0,295.0,216.0,264.0,318.0,275.0,23.0,42.0,259.0,259.0,73.0,73.0,73.0,73.0,159.0,159.0,250.0,250.0,306.0,306.0,306.0,351.0,351.0,351.0,351.0,351.0,351.0,351.0,286.0,286.0,286.0,303.0,303.0,303.0,181.0,181.0,181.0,181.0,181.0,230.0,230.0,230.0,253.0,253.0,225.0,353.0,26.0,26.0,42.0,354.0,49.0,357.0,357.0,172.66666666666666,118.0,34.0,349.0,349.0,122.0,122.0,122.0,95.0,301.0,56.0,56.0,249.0,249.0,152.0,31.0,228.0,347.0,90.0,275.0,275.0,13.0,13.0,13.0,13.0,230.0,230.0,230.0,229.0,229.0,229.0,306.0,306.0,306.0,214.0,96.0,96.0,96.0,238.0,315.0,315.0,207.0,286.0,286.0,215.0,215.0,215.0,228.0,293.0,208.0,208.0,104.0,225.0,287.0,287.0,287.0,231.0,60.0,60.0,34.0,10.0,10.0,10.0,281.0,281.0,281.0,281.0,340.6666666666667,340.6666666666667,340.6666666666667,340.6666666666667,340.6666666666667,306.0,306.0,306.0,224.0,118.0,118.0,88.0,315.0,315.0,315.0,269.0,289.0,309.0,289.0,213.0,213.0,102.0,96.0,323.0,343.0,343.0,343.0,283.0,283.0,0.0,0.0,60.0,60.0,0.0,349.0,45.0,45.0,45.0,62.0,132.0,132.0,132.0,73.0,291.6666666666667,291.6666666666667,291.6666666666667,88.0,88.0,88.0,34.0,34.0,352.0,352.0,352.0,352.0,356.0,356.0,208.0,208.0,62.0,62.0,82.0,100.0,125.0,136.0,193.0,329.0,293.0,152.0,152.0,358.0,257.0,5.0,161.0,31.0,31.0,84.0,111.0,193.0,155.0,155.0,34.0,172.66666666666666,73.0,313.0,229.0,245.0,289.0,11.0,152.0,286.0,291.6666666666667,287.0,329.0,253.0,357.0,289.0,284.0,316.0,316.0,304.0,28.0,315.0,28.0,159.0,118.0,277.0,186.0,223.0,255.0,58.0,58.0,58.0,272.0,113.0,11.0
2018,1,29,3,WIN_D_INST,280.0,314.0,300.0,280.0,314.0,312.0,312.0,312.0,295.0,295.0,295.0,295.0,100.0,100.0,100.0,100.0,337.0,337.0,136.0,136.0,337.0,334.0,334.0,250.0,250.0,259.0,259.0,259.0,277.0,277.0,196.0,159.0,159.0,269.0,289.0,289.0,289.0,289.0,289.0,3.0,3.0,3.0,3.0,3.0,3.0,329.0,329.0,281.0,281.0,288.0,272.0,305.0,272.0,266.0,17.0,17.0,17.0,17.0,17.0,17.0,17.0,17.0,329.0,319.0,329.0,319.0,319.0,343.0,343.0,343.0,291.0,275.0,342.0,342.0,342.0,329.0,55.0,325.0,325.0,325.0,312.0,274.0,337.0,7.0,7.0,337.0,337.0,3.0,340.0,96.0,132.0,132.0,11.0,42.0,0.0,86.0,86.0,86.0,86.0,72.0,60.0,60.0,275.0,275.0,287.0,287.0,287.0,357.0,357.0,357.0,108.0,108.0,340.0,312.0,312.0,278.0,309.0,281.0,266.0,305.0,303.0,328.0,357.0,333.0,37.0,166.0,200.0,200.0,45.0,45.0,45.0,45.0,179.0,179.0,258.0,258.0,295.0,295.0,295.0,298.0,298.0,298.0,298.0,298.0,298.0,298.0,269.0,269.0,269.0,289.0,289.0,289.0,224.0,224.0,224.0,224.0,224.0,249.0,249.0,249.0,273.0,273.0,262.0,159.0,13.0,13.0,178.0,338.0,62.0,45.0,45.0,278.0,104.0,25.0,23.0,23.0,261.0,261.0,261.0,127.0,8.0,290.0,290.0,232.0,232.0,59.0,158.0,191.0,288.0,124.0,147.0,147.0,49.0,49.0,49.0,49.0,329.0,329.0,329.0,247.0,247.0,247.0,241.0,241.0,241.0,208.0,208.0,208.0,208.0,255.0,239.0,239.0,289.0,221.0,221.0,240.0,240.0,240.0,228.0,250.0,225.0,225.0,326.0,270.0,155.0,155.0,155.0,236.0,349.0,349.0,93.0,23.0,23.0,23.0,232.0,232.0,232.0,232.0,351.0,351.0,351.0,351.0,351.0,0.0,0.0,0.0,150.0,191.0,191.0,54.0,337.0,337.0,337.0,213.0,286.0,340.0,286.0,0.0,0.0,130.0,79.0,19.0,343.0,343.0,343.0,110.0,110.0,0.0,0.0,68.0,68.0,23.0,349.0,264.0,264.0,264.0,62.0,93.0,93.0,93.0,54.0,40.0,40.0,40.0,28.0,28.0,28.0,132.0,132.0,6.0,6.0,6.0,6.0,58.0,58.0,144.0,144.0,320.0,320.0,91.0,198.0,79.0,73.0,331.0,18.0,3.0,59.0,59.0,355.0,100.0,192.0,37.0,105.0,105.0,93.0,116.0,105.0,142.0,142.0,45.0,278.0,45.0,314.0,247.0,248.0,275.0,42.0,59.0,269.0,40.0,310.0,129.0,250.0,60.0,286.0,291.0,305.0,305.0,272.0,132.0,340.0,132.0,179.0,104.0,334.0,270.0,321.0,309.0,86.0,86.0,86.0,316.0,96.0,42.0
2018,1,29,6,WIN_D_INST,14.0,323.0,330.0,14.0,323.0,326.0,326.0,326.0,282.0,282.0,282.0,282.0,130.0,130.0,130.0,130.0,335.0,335.0,14.0,14.0,335.0,335.0,335.0,307.0,307.0,302.0,302.0,302.0,329.0,329.0,213.0,224.0,224.0,312.0,278.0,278.0,278.0,278.0,278.0,321.0,321.0,321.0,321.0,321.0,321.0,40.0,40.0,314.0,314.0,323.0,332.0,285.0,264.0,258.0,48.0,48.0,48.0,48.0,48.0,48.0,48.0,48.0,301.0,323.0,301.0,323.0,323.0,79.0,79.0,79.0,297.0,284.0,331.0,331.0,331.0,301.0,56.0,331.0,331.0,331.0,315.0,302.0,32.0,12.0,12.0,32.0,32.0,351.0,20.0,124.0,14.0,14.0,34.0,28.0,82.0,105.0,105.0,105.0,105.0,46.0,79.0,79.0,261.0,261.0,331.0,331.0,331.0,321.0,321.0,321.0,102.0,102.0,278.0,328.0,328.0,288.0,286.0,349.0,298.0,248.0,304.0,314.0,329.0,316.0,0.0,232.0,281.0,281.0,340.0,340.0,340.0,340.0,230.0,230.0,315.0,315.0,315.0,315.0,315.0,275.0,275.0,275.0,275.0,275.0,275.0,275.0,312.0,312.0,312.0,278.0,278.0,278.0,255.0,255.0,255.0,255.0,255.0,235.0,235.0,235.0,309.0,309.0,357.0,190.0,235.0,235.0,152.0,357.0,59.0,77.0,77.0,51.0,104.0,42.0,14.0,14.0,11.0,11.0,11.0,125.0,31.0,278.0,278.0,54.0,54.0,112.0,62.0,118.0,214.0,135.0,23.0,23.0,5.0,5.0,5.0,5.0,286.0,286.0,286.0,209.0,209.0,209.0,244.0,244.0,244.0,273.0,256.0,256.0,256.0,281.0,248.0,248.0,298.0,244.0,244.0,281.0,281.0,281.0,231.0,278.0,267.0,267.0,229.0,281.0,141.0,141.0,141.0,231.0,343.0,343.0,68.0,18.0,18.0,18.0,179.0,179.0,179.0,179.0,358.0,358.0,358.0,358.0,358.0,193.0,193.0,193.0,116.0,169.0,169.0,105.0,337.0,337.0,337.0,332.0,351.0,28.0,351.0,298.0,298.0,230.0,252.0,20.0,343.0,343.0,343.0,56.0,56.0,313.0,313.0,346.0,346.0,14.0,11.0,258.0,258.0,258.0,354.0,132.0,132.0,132.0,113.0,269.0,269.0,269.0,213.0,213.0,213.0,82.0,82.0,138.0,138.0,138.0,138.0,129.0,129.0,183.0,183.0,204.66666666666663,204.66666666666663,83.0,128.0,113.0,50.0,352.0,315.0,113.0,112.0,112.0,48.0,354.0,119.0,356.0,65.0,65.0,62.0,159.0,94.0,61.0,61.0,34.0,51.0,340.0,323.0,209.0,245.0,284.0,28.0,112.0,312.0,269.0,352.0,304.0,307.0,79.0,351.0,278.0,285.0,285.0,264.0,14.0,20.0,14.0,230.0,104.0,320.0,332.0,308.0,286.0,61.0,61.0,61.0,336.0,124.0,28.0
2018,1,29,9,WIN_D_INST,172.0,224.0,330.0,172.0,224.0,289.0,289.0,289.0,281.0,281.0,281.0,281.0,120.0,120.0,120.0,120.0,302.0,302.0,21.0,21.0,302.0,340.0,340.0,257.0,257.0,299.0,299.0,299.0,306.0,306.0,181.0,281.0,281.0,204.0,272.0,272.0,272.0,272.0,272.0,236.0,236.0,236.0,236.0,236.0,236.0,315.0,315.0,259.0,259.0,304.0,268.0,281.0,271.0,243.0,357.0,357.0,357.0,357.0,357.0,357.0,357.0,357.0,315.0,325.0,315.0,325.0,325.0,317.0,317.0,317.0,233.0,318.0,303.0,303.0,303.0,315.0,58.0,339.0,339.0,339.0,320.0,309.0,27.0,43.0,43.0,27.0,27.0,80.0,54.0,98.0,68.0,68.0,37.0,25.0,58.0,95.0,95.0,95.0,95.0,15.0,357.0,357.0,340.0,340.0,337.0,337.0,337.0,205.0,205.0,205.0,60.0,60.0,155.0,312.0,312.0,296.0,320.0,293.0,309.0,263.0,320.0,316.0,321.0,326.0,3.0,276.0,264.0,264.0,346.0,346.0,346.0,346.0,227.0,227.0,334.0,334.0,281.0,281.0,281.0,289.0,289.0,289.0,289.0,289.0,289.0,289.0,204.0,204.0,204.0,272.0,272.0,272.0,204.0,204.0,204.0,204.0,204.0,258.0,258.0,258.0,222.0,222.0,45.0,164.0,74.0,74.0,284.0,349.0,74.0,332.0,332.0,287.0,93.0,42.0,0.0,0.0,60.0,60.0,60.0,132.0,0.0,323.0,323.0,82.0,82.0,21.0,62.0,104.0,219.0,346.0,94.0,94.0,7.0,7.0,7.0,7.0,329.0,329.0,329.0,256.0,256.0,256.0,235.0,235.0,235.0,6.0,304.0,304.0,304.0,269.0,236.0,236.0,272.0,187.0,187.0,248.0,248.0,248.0,259.0,262.0,267.0,267.0,23.0,301.0,186.0,186.0,186.0,217.0,355.0,355.0,25.0,46.0,46.0,46.0,235.0,235.0,235.0,235.0,344.0,344.0,344.0,344.0,344.0,238.0,238.0,238.0,133.0,169.0,169.0,108.0,357.0,357.0,357.0,286.0,247.0,323.0,247.0,60.0,60.0,249.0,164.0,356.0,343.0,343.0,343.0,316.0,316.0,130.0,130.0,26.0,26.0,31.0,14.0,153.0,153.0,153.0,68.0,82.0,82.0,82.0,3.0,96.0,96.0,96.0,241.0,241.0,241.0,31.0,31.0,205.0,205.0,205.0,205.0,186.0,186.0,80.0,80.0,130.0,130.0,88.0,120.0,334.0,63.0,2.0,345.0,127.0,21.0,21.0,347.0,70.0,217.0,354.0,312.0,312.0,96.0,266.0,82.0,57.0,57.0,113.0,287.0,346.0,224.0,256.0,233.0,318.0,25.0,21.0,204.0,96.0,53.0,245.0,257.0,357.0,247.0,284.0,281.0,281.0,271.0,68.0,54.0,68.0,227.0,93.0,303.0,315.0,249.0,320.0,115.33333333333331,115.33333333333331,115.33333333333331,299.0,98.0,25.0
2018,1,29,12,WIN_D_INST,220.0,230.0,241.0,220.0,230.0,281.0,281.0,281.0,273.0,273.0,273.0,273.0,139.0,139.0,139.0,139.0,260.0,260.0,267.0,267.0,260.0,263.0,263.0,209.0,209.0,265.0,265.0,265.0,245.0,245.0,337.0,283.0,283.0,156.0,159.0,159.0,159.0,159.0,159.0,191.0,191.0,191.0,191.0,191.0,191.0,99.0,99.0,249.0,249.0,285.0,266.0,251.0,230.0,251.0,0.0,0.0,0.0,0.0,0.0,0.0,0.0,0.0,19.0,293.0,19.0,293.0,293.0,330.0,330.0,330.0,172.0,299.0,322.0,322.0,322.0,19.0,48.0,353.0,353.0,353.0,306.0,310.0,23.0,65.0,65.0,23.0,23.0,34.0,329.0,90.0,70.0,70.0,51.0,340.0,25.0,81.0,81.0,81.0,81.0,131.0,40.0,40.0,272.0,272.0,320.0,320.0,320.0,194.0,194.0,194.0,264.0,264.0,236.0,316.0,316.0,306.0,252.0,304.0,283.0,279.0,281.0,255.0,329.0,247.0,233.0,262.0,200.0,200.0,312.0,312.0,312.0,312.0,244.0,244.0,308.0,308.0,309.0,309.0,309.0,156.0,156.0,156.0,156.0,156.0,156.0,156.0,156.0,156.0,156.0,159.0,159.0,159.0,173.0,173.0,173.0,173.0,173.0,269.0,269.0,269.0,276.0,276.0,172.0,65.0,113.33333333333331,113.33333333333331,9.0,0.0,66.0,317.0,317.0,76.0,107.0,11.0,343.0,343.0,77.0,77.0,77.0,145.0,273.0,248.0,248.0,177.0,177.0,195.0,79.0,14.0,330.0,273.0,99.0,99.0,340.0,340.0,340.0,340.0,306.0,306.0,306.0,4.0,4.0,4.0,232.0,232.0,232.0,0.0,293.0,293.0,293.0,275.0,233.0,233.0,261.0,187.0,187.0,287.0,287.0,287.0,276.0,276.6666666666667,312.0,312.0,131.66666666666666,250.0,141.0,141.0,141.0,239.0,70.0,70.0,56.0,53.0,53.0,53.0,295.0,295.0,295.0,295.0,320.0,320.0,320.0,320.0,320.0,176.0,176.0,176.0,65.0,200.0,200.0,235.0,275.0,275.0,275.0,261.0,179.0,208.0,179.0,309.0,309.0,261.0,105.0,333.0,343.0,343.0,343.0,212.0,212.0,310.0,310.0,77.0,77.0,23.0,14.0,105.0,105.0,105.0,6.0,51.0,51.0,51.0,26.0,289.0,289.0,289.0,105.0,105.0,105.0,56.0,56.0,143.0,143.0,143.0,143.0,193.0,193.0,336.0,336.0,77.0,77.0,93.0,31.0,164.0,135.0,19.0,222.0,25.0,195.0,195.0,174.0,314.0,59.0,203.0,261.0,261.0,301.0,323.0,108.0,180.66666666666663,180.66666666666663,139.0,76.0,312.0,230.0,4.0,208.0,299.0,340.0,195.0,156.0,289.0,304.0,307.0,209.0,40.0,179.0,203.0,251.0,251.0,230.0,70.0,329.0,70.0,244.0,107.0,263.0,338.0,332.0,252.0,108.66666666666669,108.66666666666669,108.66666666666669,286.0,90.0,340.0
2018,1,29,15,WIN_D_INST,256.0,215.0,317.0,256.0,215.0,283.0,283.0,283.0,350.0,350.0,350.0,350.0,228.0,228.0,228.0,228.0,275.0,275.0,289.0,289.0,275.0,295.0,295.0,247.0,247.0,237.0,237.0,237.0,264.0,264.0,40.0,99.0,99.0,235.0,193.0,193.0,193.0,193.0,193.0,264.0,264.0,264.0,264.0,264.0,264.0,139.0,139.0,262.0,262.0,286.0,247.0,252.0,279.0,258.0,320.0,320.0,320.0,320.0,320.0,320.0,320.0,320.0,342.0,322.0,342.0,322.0,322.0,62.0,62.0,62.0,298.0,276.0,295.0,295.0,295.0,342.0,46.0,295.0,295.0,295.0,229.0,267.0,51.0,341.0,341.0,51.0,51.0,51.0,306.0,115.0,84.0,84.0,303.0,14.0,56.0,82.0,82.0,82.0,82.0,92.0,340.0,340.0,258.0,258.0,308.0,308.0,308.0,152.0,152.0,152.0,238.0,238.0,262.0,314.0,314.0,265.0,261.0,352.0,179.0,260.0,255.0,217.0,115.0,249.0,177.0,309.0,239.0,239.0,242.0,242.0,242.0,242.0,162.0,162.0,289.0,289.0,204.0,204.0,204.0,167.0,167.0,167.0,167.0,167.0,167.0,167.0,235.0,235.0,235.0,193.0,193.0,193.0,145.0,145.0,145.0,145.0,145.0,159.0,159.0,159.0,259.0,259.0,273.0,266.0,173.0,173.0,330.0,354.0,30.0,346.0,346.0,250.0,98.0,160.33333333333334,0.0,0.0,91.0,91.0,91.0,19.0,8.0,290.0,290.0,93.0,93.0,38.0,8.0,357.0,329.0,79.0,252.0,252.0,309.0,309.0,309.0,309.0,142.0,142.0,142.0,103.0,103.0,103.0,77.0,77.0,77.0,205.0,270.0,270.0,270.0,241.0,233.0,233.0,218.0,173.0,173.0,252.0,252.0,252.0,191.0,287.0,197.0,197.0,158.0,214.0,141.0,141.0,141.0,231.0,49.0,49.0,278.0,355.0,355.0,355.0,281.0,281.0,281.0,281.0,357.0,357.0,357.0,357.0,357.0,85.0,85.0,85.0,244.0,37.0,37.0,221.0,218.0,218.0,218.0,227.0,244.0,202.3333333333333,244.0,221.0,221.0,40.0,184.0,4.0,343.0,343.0,343.0,307.0,307.0,0.0,0.0,54.0,54.0,28.0,3.0,306.0,306.0,306.0,357.0,304.0,304.0,304.0,334.0,269.0,269.0,269.0,68.0,68.0,68.0,23.0,23.0,338.0,338.0,338.0,338.0,22.0,22.0,332.0,332.0,40.0,40.0,97.0,273.0,181.0,95.0,153.33333333333334,170.0,293.0,38.0,38.0,326.0,74.0,208.3333333333333,21.0,300.0,300.0,329.0,300.0,306.0,177.0,177.0,255.0,250.0,242.0,215.0,103.0,177.0,276.0,14.0,38.0,235.0,269.0,244.0,343.0,247.0,340.0,244.0,282.0,252.0,252.0,279.0,84.0,306.0,84.0,162.0,98.0,206.0,169.0,107.0,261.0,94.33333333333331,94.33333333333331,94.33333333333331,210.0,115.0,14.0
2018,1,29,18,WIN_D_INST,268.0,264.0,271.0,268.0,264.0,266.0,266.0,266.0,2.0,2.0,2.0,2.0,206.0,206.0,206.0,206.0,199.0,199.0,283.0,283.0,199.0,9.0,9.0,234.0,234.0,270.0,270.0,270.0,217.0,217.0,207.0,99.0,99.0,227.0,179.0,179.0,179.0,179.0,179.0,228.0,228.0,228.0,228.0,228.0,228.0,125.0,125.0,251.0,251.0,284.0,246.66666666666663,213.0,239.0,294.0,295.0,295.0,295.0,295.0,295.0,295.0,295.0,295.0,320.0,339.0,320.0,339.0,339.0,52.0,52.0,52.0,228.66666666666663,238.0,321.0,321.0,321.0,320.0,144.0,295.0,295.0,295.0,237.0,329.0,16.0,9.0,9.0,16.0,16.0,347.0,323.0,143.0,158.0,158.0,306.0,267.0,56.0,164.0,164.0,164.0,164.0,45.0,31.0,31.0,272.0,272.0,342.0,342.0,342.0,197.0,197.0,197.0,99.0,99.0,264.0,315.0,315.0,171.33333333333334,264.0,247.66666666666663,340.0,241.0,173.0,267.0,129.0,224.0,228.0,167.66666666666666,270.0,270.0,48.0,48.0,48.0,48.0,128.0,128.0,281.0,281.0,272.0,272.0,272.0,159.0,159.0,159.0,159.0,159.0,159.0,159.0,227.0,227.0,227.0,179.0,179.0,179.0,145.0,145.0,145.0,145.0,145.0,159.0,159.0,159.0,256.0,256.0,340.0,201.0,108.0,108.0,63.0,8.0,36.0,286.0,286.0,278.0,264.0,273.0,129.0,129.0,20.0,20.0,20.0,140.0,354.0,188.0,188.0,290.0,290.0,300.0,233.0,70.0,349.0,104.0,176.66666666666666,176.66666666666666,14.0,14.0,14.0,14.0,351.0,351.0,351.0,189.0,189.0,189.0,102.0,102.0,102.0,276.0,70.0,70.0,70.0,244.0,267.0,267.0,357.0,193.0,193.0,236.0,236.0,236.0,124.0,284.0,242.0,242.0,169.0,222.0,143.0,143.0,143.0,236.0,62.0,62.0,354.0,16.0,16.0,16.0,119.0,119.0,119.0,119.0,1.0,1.0,1.0,1.0,1.0,14.0,14.0,14.0,252.0,0.0,0.0,207.0,218.0,218.0,218.0,218.0,218.0,183.66666666666663,218.0,28.0,28.0,14.0,99.0,262.0,343.0,343.0,343.0,279.0,279.0,171.0,171.0,65.0,65.0,26.0,48.0,121.0,121.0,121.0,0.0,309.0,309.0,309.0,269.0,258.0,258.0,258.0,85.0,85.0,85.0,34.0,34.0,82.0,82.0,82.0,82.0,136.0,136.0,270.0,270.0,210.0,210.0,102.0,19.0,275.0,90.0,274.0,297.0,301.0,300.0,300.0,345.0,289.0,239.0,19.0,281.0,281.0,273.0,281.0,283.0,166.0,166.0,119.0,278.0,48.0,264.0,189.0,132.0,238.0,267.0,300.0,227.0,258.0,226.0,101.0,234.0,31.0,218.0,223.0,213.0,213.0,239.0,158.0,323.0,158.0,128.0,264.0,215.0,79.0,112.0,264.0,57.333333333333336,57.333333333333336,57.333333333333336,210.0,143.0,267.0
2018,1,29,21,WIN_D_INST,90.0,242.66666666666663,266.0,90.0,242.66666666666663,281.0,281.0,281.0,4.0,4.0,4.0,4.0,232.0,232.0,232.0,232.0,241.0,241.0,131.0,131.0,241.0,135.0,135.0,60.0,60.0,217.0,217.0,217.0,238.0,238.0,198.0,145.0,145.0,136.0,207.0,207.0,207.0,207.0,207.0,222.0,222.0,222.0,222.0,222.0,222.0,34.0,34.0,252.0,252.0,274.0,253.0,268.0,241.0,229.0,247.0,247.0,247.0,247.0,247.0,247.0,247.0,247.0,333.0,276.0,333.0,276.0,276.0,64.0,64.0,64.0,180.0,260.0,312.0,312.0,312.0,333.0,324.0,297.0,297.0,297.0,248.0,261.0,347.0,334.0,334.0,347.0,347.0,18.0,298.0,143.0,143.0,143.0,264.0,301.0,56.0,4.0,4.0,4.0,4.0,44.0,111.0,111.0,255.0,255.0,299.0,299.0,299.0,152.0,152.0,152.0,62.0,62.0,262.0,307.0,307.0,153.0,252.0,115.0,198.0,240.0,176.0,231.0,129.0,225.0,158.0,88.0,219.0,219.0,25.0,25.0,25.0,25.0,317.0,317.0,228.0,228.0,289.0,289.0,289.0,181.0,181.0,181.0,181.0,181.0,181.0,181.0,136.0,136.0,136.0,207.0,207.0,207.0,147.0,147.0,147.0,147.0,147.0,71.0,71.0,71.0,253.0,253.0,236.0,301.0,173.0,173.0,42.0,349.0,40.0,292.0,292.0,318.0,98.0,98.0,44.0,44.0,20.0,20.0,20.0,105.0,17.0,93.0,93.0,272.0,272.0,278.0,225.0,349.0,17.0,124.0,0.0,0.0,24.0,24.0,24.0,24.0,0.0,0.0,0.0,181.0,181.0,181.0,266.0,266.0,266.0,73.0,343.0,343.0,343.0,292.0,239.0,239.0,235.0,190.0,190.0,76.0,76.0,76.0,195.0,245.0,200.0,200.0,152.0,270.0,3.0,3.0,3.0,256.0,62.0,62.0,124.0,273.0,273.0,273.0,85.0,85.0,85.0,85.0,354.0,354.0,354.0,354.0,354.0,6.0,6.0,6.0,247.0,53.0,53.0,102.0,252.0,252.0,252.0,204.0,68.0,349.0,68.0,354.0,354.0,26.0,167.0,156.0,343.0,343.0,343.0,106.0,106.0,297.0,297.0,14.0,14.0,0.0,346.0,0.0,0.0,0.0,17.0,73.0,73.0,73.0,26.0,250.3333333333333,250.3333333333333,250.3333333333333,71.0,71.0,71.0,6.0,6.0,107.0,107.0,107.0,107.0,99.0,99.0,333.0,333.0,68.0,68.0,96.0,80.0,181.0,109.0,255.0,333.0,295.0,278.0,278.0,7.0,274.0,22.0,7.0,264.0,264.0,267.0,275.0,326.0,100.0,100.0,224.0,318.0,25.0,242.66666666666663,181.0,166.0,260.0,301.0,278.0,136.0,250.3333333333333,242.0,338.0,60.0,111.0,68.0,288.0,268.0,268.0,241.0,143.0,298.0,143.0,317.0,98.0,206.0,149.0,146.0,252.0,52.0,52.0,52.0,207.0,143.0,301.0
2018,1,30,0,WIN_D_INST,213.0,249.0,291.0,213.0,249.0,272.0,272.0,272.0,358.0,358.0,358.0,358.0,213.0,213.0,213.0,213.0,213.0,213.0,290.0,290.0,213.0,101.0,101.0,46.0,46.0,246.0,246.0,246.0,243.0,243.0,204.0,145.0,145.0,204.0,176.0,176.0,176.0,176.0,176.0,256.0,256.0,256.0,256.0,256.0,256.0,298.0,298.0,250.0,250.0,256.0,240.0,234.0,235.0,219.0,198.0,198.0,198.0,198.0,198.0,198.0,198.0,198.0,289.0,233.0,289.0,233.0,233.0,48.0,48.0,48.0,208.0,330.0,314.0,314.0,314.0,289.0,270.0,322.0,322.0,322.0,217.0,214.0,353.0,10.0,10.0,353.0,353.0,357.0,6.0,101.0,121.0,121.0,351.0,28.0,56.0,38.0,38.0,38.0,38.0,110.0,354.0,354.0,244.0,244.0,288.0,288.0,288.0,211.0,211.0,211.0,71.0,71.0,278.0,271.0,271.0,96.0,261.0,276.0,317.0,247.0,189.0,222.0,143.0,251.0,187.66666666666663,106.0,118.0,118.0,219.0,219.0,219.0,219.0,264.0,264.0,195.0,195.0,198.0,198.0,198.0,190.0,190.0,190.0,190.0,190.0,190.0,190.0,204.0,204.0,204.0,176.0,176.0,176.0,210.0,210.0,210.0,210.0,210.0,201.0,201.0,201.0,259.0,259.0,283.0,7.0,43.0,43.0,338.0,340.0,51.0,3.0,3.0,253.0,90.0,343.0,3.0,3.0,3.0,3.0,3.0,143.0,326.0,219.0,219.0,315.0,315.0,285.0,323.0,307.0,334.0,84.0,278.0,278.0,69.0,69.0,69.0,69.0,96.0,96.0,96.0,169.0,169.0,169.0,264.0,264.0,264.0,98.0,82.0,82.0,82.0,289.0,231.0,231.0,252.0,176.0,176.0,213.0,213.0,213.0,270.0,203.0,82.0,82.0,129.0,250.0,321.0,321.0,321.0,59.0,62.0,62.0,141.0,10.0,10.0,10.0,60.0,60.0,60.0,60.0,348.0,348.0,348.0,348.0,348.0,68.0,68.0,68.0,232.0,169.0,169.0,252.0,238.0,238.0,238.0,201.0,54.0,28.0,54.0,258.0,258.0,181.0,62.0,202.0,343.0,343.0,343.0,330.0,330.0,0.0,0.0,79.0,79.0,37.0,352.0,57.0,57.0,57.0,23.0,62.0,62.0,62.0,278.0,273.0,273.0,273.0,108.0,108.0,108.0,39.0,39.0,11.0,11.0,11.0,11.0,117.0,117.0,54.0,54.0,130.0,130.0,102.0,278.0,82.0,98.0,240.0,295.0,298.0,285.0,285.0,8.0,294.0,38.0,357.0,261.0,261.0,278.0,278.0,289.0,67.0,67.0,150.0,253.0,219.0,249.0,169.0,242.0,330.0,28.0,285.0,204.0,273.0,192.0,233.0,46.0,354.0,54.0,273.0,234.0,234.0,235.0,121.0,6.0,121.0,264.0,90.0,214.0,245.0,109.0,261.0,48.66666666666666,48.66666666666666,48.66666666666666,233.0,101.0,28.0
2018,1,30,3,WIN_D_INST,332.0,337.0,337.0,332.0,337.0,303.0,303.0,303.0,279.0,279.0,279.0,279.0,162.0,162.0,162.0,162.0,275.0,275.0,321.0,321.0,275.0,136.0,136.0,257.0,257.0,280.0,280.0,280.0,215.0,215.0,187.0,210.0,210.0,283.0,312.0,312.0,312.0,312.0,312.0,270.0,270.0,270.0,270.0,270.0,270.0,281.0,281.0,244.0,244.0,257.0,187.0,238.0,257.0,222.0,179.0,179.0,179.0,179.0,179.0,179.0,179.0,179.0,339.0,153.0,339.0,153.0,153.0,67.0,67.0,67.0,162.0,4.0,312.0,312.0,312.0,339.0,70.0,281.0,281.0,281.0,304.0,253.0,22.0,7.0,7.0,22.0,22.0,341.0,334.0,104.0,132.0,132.0,28.0,346.0,6.0,14.0,14.0,14.0,14.0,94.0,139.0,139.0,249.0,249.0,291.0,291.0,291.0,250.0,250.0,250.0,94.0,94.0,323.0,240.0,240.0,241.0,241.0,219.0,295.0,197.0,179.0,265.0,307.0,251.0,214.0,241.0,267.0,267.0,51.0,51.0,51.0,51.0,286.0,286.0,239.0,239.0,303.0,303.0,303.0,303.0,303.0,303.0,303.0,303.0,303.0,303.0,283.0,283.0,283.0,312.0,312.0,312.0,247.0,247.0,247.0,247.0,247.0,45.0,45.0,45.0,217.0,217.0,357.0,117.0,14.0,14.0,168.0,349.0,60.0,326.0,326.0,236.0,323.0,357.0,6.0,6.0,11.0,11.0,11.0,101.0,3.0,295.0,295.0,307.0,307.0,288.0,278.0,293.0,276.0,158.0,79.0,79.0,325.0,325.0,325.0,325.0,295.0,295.0,295.0,216.0,216.0,216.0,252.0,252.0,252.0,287.0,262.0,262.0,262.0,300.0,253.0,253.0,122.0,295.0,295.0,240.0,240.0,240.0,264.0,219.0,217.0,217.0,329.0,236.0,191.0,191.0,191.0,101.0,11.0,11.0,335.0,44.0,44.0,44.0,79.0,79.0,79.0,79.0,339.0,339.0,339.0,339.0,339.0,349.0,349.0,349.0,238.0,203.0,203.0,230.0,130.0,130.0,130.0,85.0,88.0,68.0,88.0,190.0,190.0,145.0,54.0,48.0,343.0,343.0,343.0,115.0,115.0,110.0,110.0,65.0,65.0,28.0,6.0,269.0,269.0,269.0,79.0,264.0,264.0,264.0,54.0,20.0,20.0,20.0,0.0,0.0,0.0,318.0,318.0,346.0,346.0,346.0,346.0,136.0,136.0,272.0,272.0,139.0,139.0,102.0,26.0,207.0,37.0,295.0,339.0,318.0,288.0,288.0,332.0,285.0,217.0,76.0,244.0,244.0,304.0,283.0,337.0,202.0,202.0,244.0,236.0,51.0,337.0,216.0,270.0,4.0,346.0,288.0,283.0,20.0,199.0,107.0,257.0,139.0,88.0,257.0,238.0,238.0,257.0,132.0,334.0,132.0,286.0,323.0,258.0,290.0,322.0,241.0,96.0,96.0,96.0,238.0,104.0,346.0
2018,1,30,6,WIN_D_INST,343.0,77.0,253.0,343.0,77.0,317.0,317.0,317.0,280.0,280.0,280.0,280.0,167.0,167.0,167.0,167.0,278.0,278.0,194.0,194.0,278.0,347.0,347.0,3.0,3.0,296.0,296.0,296.0,253.0,253.0,213.0,283.0,283.0,272.0,249.0,249.0,249.0,249.0,249.0,307.0,307.0,307.0,307.0,307.0,307.0,329.0,329.0,187.0,187.0,160.0,269.0,251.0,177.0,267.0,227.0,227.0,227.0,227.0,227.0,227.0,227.0,227.0,299.0,55.0,299.0,55.0,55.0,310.0,310.0,310.0,124.0,225.0,45.0,45.0,45.0,299.0,90.0,297.0,297.0,297.0,301.0,265.0,324.0,333.0,333.0,324.0,324.0,346.0,17.0,62.0,56.0,56.0,57.0,11.0,315.0,94.0,94.0,94.0,94.0,77.0,164.0,164.0,261.0,261.0,309.0,309.0,309.0,357.0,357.0,357.0,224.0,224.0,287.0,287.0,287.0,233.0,281.0,304.0,232.0,244.0,238.0,282.0,293.0,225.0,236.0,230.0,278.0,278.0,278.0,278.0,278.0,278.0,207.0,207.0,240.0,240.0,252.0,252.0,252.0,303.0,303.0,303.0,303.0,303.0,303.0,303.0,272.0,272.0,272.0,249.0,249.0,249.0,258.0,258.0,258.0,258.0,258.0,232.0,232.0,232.0,264.0,264.0,228.0,120.0,329.0,329.0,141.0,8.0,82.0,14.0,14.0,87.0,79.0,70.0,53.0,53.0,65.0,65.0,65.0,132.0,0.0,228.0,228.0,308.0,308.0,287.0,8.0,357.0,242.0,200.0,79.0,79.0,297.0,297.0,297.0,297.0,334.0,334.0,334.0,241.0,241.0,241.0,281.0,281.0,281.0,267.0,267.0,267.0,267.0,334.0,245.0,245.0,306.0,230.0,230.0,218.0,218.0,218.0,208.0,343.0,290.0,290.0,3.0,332.0,155.0,155.0,155.0,174.0,75.0,75.0,56.0,327.0,327.0,327.0,119.0,119.0,119.0,119.0,359.0,359.0,359.0,359.0,359.0,204.0,204.0,204.0,122.0,200.0,200.0,201.0,159.0,159.0,159.0,190.0,176.0,250.0,176.0,264.0,264.0,224.0,91.0,38.0,343.0,343.0,343.0,108.0,108.0,263.0,263.0,349.0,349.0,0.0,25.0,150.0,150.0,150.0,85.0,121.0,121.0,121.0,116.0,85.0,85.0,85.0,309.0,309.0,309.0,76.0,76.0,169.0,169.0,169.0,169.0,105.0,105.0,247.0,247.0,184.0,184.0,64.0,125.0,334.0,272.0,333.0,342.0,338.0,287.0,287.0,360.0,299.0,100.0,0.0,283.0,283.0,304.0,323.0,351.0,79.0,79.0,221.0,87.0,278.0,77.0,241.0,259.0,225.0,11.0,287.0,272.0,85.0,228.0,155.0,3.0,164.0,176.0,343.0,251.0,251.0,177.0,56.0,17.0,56.0,207.0,79.0,292.0,276.0,217.0,281.0,67.0,67.0,67.0,261.0,62.0,11.0
2018,1,30,9,WIN_D_INST,178.0,169.0,215.0,178.0,169.0,306.0,306.0,306.0,282.0,282.0,282.0,282.0,160.0,160.0,160.0,160.0,244.0,244.0,334.0,334.0,244.0,339.0,339.0,262.0,262.0,338.0,338.0,338.0,295.0,295.0,283.0,312.0,312.0,351.0,247.0,247.0,247.0,247.0,247.0,264.0,264.0,264.0,264.0,264.0,264.0,9.0,9.0,7.0,7.0,275.0,263.0,283.0,217.0,223.0,204.0,204.0,204.0,204.0,204.0,204.0,204.0,204.0,296.0,69.0,296.0,69.0,69.0,105.0,105.0,105.0,32.0,248.0,49.0,49.0,49.0,296.0,91.0,258.0,258.0,258.0,240.0,218.0,323.0,42.0,42.0,323.0,323.0,345.0,0.0,51.0,354.0,354.0,51.0,70.0,341.0,82.0,82.0,82.0,82.0,98.0,187.0,187.0,249.0,249.0,300.0,300.0,300.0,28.0,28.0,28.0,204.0,204.0,6.0,291.0,291.0,292.0,227.0,214.0,249.0,288.0,251.0,163.0,253.0,200.0,245.0,271.0,250.0,250.0,301.0,301.0,301.0,301.0,300.0,300.0,266.0,266.0,295.0,295.0,295.0,230.0,230.0,230.0,230.0,230.0,230.0,230.0,351.0,351.0,351.0,247.0,247.0,247.0,269.0,269.0,269.0,269.0,269.0,278.0,278.0,278.0,293.0,293.0,273.0,143.0,37.0,37.0,118.0,62.0,43.0,0.0,0.0,293.0,129.0,0.0,11.0,11.0,210.0,210.0,210.0,111.0,352.0,248.0,248.0,293.0,293.0,303.0,315.0,354.0,225.0,290.0,23.0,23.0,279.0,279.0,279.0,279.0,354.0,354.0,354.0,235.0,235.0,235.0,312.0,312.0,312.0,323.0,273.0,273.0,273.0,278.0,242.0,242.0,286.0,289.0,289.0,235.0,235.0,235.0,219.0,68.0,301.0,301.0,65.0,59.0,132.0,132.0,132.0,253.0,117.0,117.0,39.0,11.0,11.0,11.0,150.0,150.0,150.0,150.0,49.0,49.0,49.0,49.0,49.0,116.0,116.0,116.0,150.0,200.0,200.0,193.0,60.0,60.0,60.0,153.0,130.0,323.0,130.0,124.0,124.0,218.0,235.0,349.0,343.0,343.0,343.0,288.0,288.0,143.0,143.0,54.0,54.0,26.0,25.0,45.0,45.0,45.0,34.0,65.0,65.0,65.0,0.0,351.0,351.0,351.0,238.0,238.0,238.0,349.0,349.0,152.0,152.0,152.0,152.0,133.0,133.0,119.0,119.0,57.0,57.0,109.0,222.0,173.0,281.0,278.0,196.0,307.0,303.0,303.0,338.0,77.0,104.0,39.0,292.0,292.0,321.0,315.0,320.0,277.0,277.0,201.0,293.0,301.0,169.0,235.0,253.0,248.0,70.0,303.0,351.0,351.0,93.0,90.0,262.0,187.0,130.0,272.0,283.0,283.0,217.0,354.0,0.0,354.0,300.0,129.0,271.0,315.0,277.0,227.0,60.0,60.0,60.0,255.0,51.0,70.0
2018,1,30,12,WIN_D_INST,291.0,246.3333333333333,343.0,291.0,246.3333333333333,252.0,252.0,252.0,297.0,297.0,297.0,297.0,233.0,233.0,233.0,233.0,68.0,68.0,310.0,310.0,68.0,339.0,339.0,211.0,211.0,352.0,352.0,352.0,280.0,280.0,343.0,187.0,187.0,317.0,198.0,198.0,198.0,198.0,198.0,96.0,96.0,96.0,96.0,96.0,96.0,43.0,43.0,146.0,146.0,191.0,263.0,131.0,267.0,224.0,315.0,315.0,315.0,315.0,315.0,315.0,315.0,315.0,347.0,75.0,347.0,75.0,75.0,155.0,155.0,155.0,77.0,353.0,27.0,27.0,27.0,347.0,82.0,218.0,218.0,218.0,202.0,265.0,13.0,301.0,301.0,13.0,13.0,67.0,340.0,0.0,338.0,338.0,31.0,20.0,23.0,105.0,105.0,105.0,105.0,14.0,142.0,142.0,286.0,286.0,282.0,282.0,282.0,146.0,146.0,146.0,323.0,323.0,73.0,310.0,310.0,213.0,261.0,135.0,269.0,271.6666666666667,138.0,209.0,298.0,251.0,219.0,202.66666666666663,262.0,262.0,293.0,293.0,293.0,293.0,329.0,329.0,302.0,302.0,241.0,241.0,241.0,173.0,173.0,173.0,173.0,173.0,173.0,173.0,317.0,317.0,317.0,198.0,198.0,198.0,176.0,176.0,176.0,176.0,176.0,266.0,266.0,266.0,293.0,293.0,233.0,184.66666666666663,230.0,230.0,352.0,84.0,65.0,334.0,334.0,290.0,340.0,357.0,349.0,349.0,14.0,14.0,14.0,45.0,304.0,228.0,228.0,302.0,302.0,292.0,287.0,332.0,228.0,242.0,136.0,136.0,295.0,295.0,295.0,295.0,11.0,11.0,11.0,327.0,327.0,327.0,289.0,289.0,289.0,0.0,248.0,248.0,248.0,300.0,259.0,259.0,275.0,170.0,170.0,301.0,301.0,301.0,70.0,270.0,326.0,326.0,309.0,228.0,121.0,121.0,121.0,332.0,31.0,31.0,31.0,308.0,308.0,308.0,71.0,71.0,71.0,71.0,287.0,287.0,287.0,287.0,287.0,54.0,54.0,54.0,232.0,194.0,194.0,266.0,235.0,235.0,235.0,215.0,20.0,191.0,20.0,323.0,323.0,119.0,218.0,284.0,343.0,343.0,343.0,85.0,85.0,351.0,351.0,77.0,77.0,0.0,14.0,142.0,142.0,142.0,354.0,293.0,293.0,293.0,269.0,306.0,306.0,306.0,181.0,181.0,181.0,25.0,25.0,158.0,158.0,158.0,158.0,19.0,19.0,69.0,69.0,351.0,351.0,219.0,40.0,96.0,307.0,188.0,219.0,315.0,292.0,292.0,340.0,90.0,280.0,358.0,272.0,272.0,301.0,281.0,334.0,262.0,262.0,215.0,290.0,293.0,246.3333333333333,327.0,256.0,353.0,20.0,292.0,317.0,306.0,350.0,284.0,211.0,142.0,20.0,22.0,131.0,131.0,267.0,338.0,340.0,338.0,329.0,340.0,213.0,346.0,94.0,261.0,44.0,44.0,44.0,187.0,0.0,20.0
2018,1,30,15,WIN_D_INST,283.0,340.0,354.0,283.0,340.0,74.0,74.0,74.0,332.0,332.0,332.0,332.0,310.0,310.0,310.0,310.0,290.0,290.0,321.0,321.0,290.0,309.0,309.0,353.0,353.0,213.0,213.0,213.0,287.0,287.0,281.0,173.0,173.0,312.0,213.0,213.0,213.0,213.0,213.0,98.0,98.0,98.0,98.0,98.0,98.0,295.0,295.0,27.0,27.0,13.0,281.0,44.0,354.0,255.0,334.0,334.0,334.0,334.0,334.0,334.0,334.0,334.0,354.0,341.0,354.0,341.0,341.0,30.0,30.0,30.0,128.66666666666666,38.0,308.0,308.0,308.0,354.0,14.0,232.0,232.0,232.0,227.0,267.0,351.0,341.0,341.0,351.0,351.0,40.0,11.0,332.0,309.0,309.0,278.0,309.0,22.0,63.0,63.0,63.0,63.0,255.0,295.0,295.0,309.0,309.0,297.0,297.0,297.0,51.0,51.0,51.0,170.0,170.0,212.66666666666663,346.0,346.0,241.66666666666663,286.0,281.0,244.0,248.0,129.0,211.0,124.0,237.0,174.0,75.0,31.0,31.0,250.0,250.0,250.0,250.0,210.0,210.0,280.0,280.0,227.0,227.0,227.0,162.0,162.0,162.0,162.0,162.0,162.0,162.0,312.0,312.0,312.0,213.0,213.0,213.0,162.0,162.0,162.0,162.0,162.0,244.0,244.0,244.0,287.0,287.0,278.0,346.0,40.0,40.0,273.0,31.0,47.0,23.0,23.0,138.0,318.0,326.0,28.0,28.0,340.0,340.0,340.0,49.0,304.0,273.0,273.0,263.0,263.0,267.0,245.0,318.0,333.0,228.0,315.0,315.0,65.0,65.0,65.0,65.0,181.0,181.0,181.0,271.0,271.0,271.0,326.0,326.0,326.0,138.0,104.0,104.0,104.0,300.0,267.0,267.0,145.0,286.0,286.0,218.0,218.0,218.0,143.0,315.0,276.0,276.0,315.0,174.0,135.0,135.0,135.0,118.0,61.0,61.0,11.0,12.0,12.0,12.0,346.0,346.0,346.0,346.0,323.0,323.0,323.0,323.0,323.0,6.0,6.0,6.0,269.0,90.0,90.0,252.0,337.0,337.0,337.0,198.0,317.0,42.0,317.0,283.0,283.0,230.0,275.0,294.0,343.0,343.0,343.0,84.0,84.0,334.0,334.0,11.0,11.0,20.0,352.0,162.0,162.0,162.0,9.0,304.0,304.0,304.0,0.0,357.0,357.0,357.0,210.0,210.0,210.0,321.0,321.0,338.0,338.0,338.0,338.0,325.0,325.0,308.0,308.0,62.0,62.0,358.0,357.0,0.0,257.0,200.0,167.0,309.0,267.0,267.0,334.0,107.0,280.0,291.0,269.0,269.0,262.0,278.0,337.0,355.0,355.0,213.0,138.0,250.0,340.0,271.0,267.0,38.0,309.0,267.0,312.0,357.0,356.0,338.0,353.0,295.0,317.0,148.33333333333334,44.0,44.0,354.0,309.0,11.0,309.0,210.0,318.0,206.0,259.0,99.0,286.0,19.0,19.0,19.0,222.0,332.0,309.0
2018,1,30,18,WIN_D_INST,326.0,350.0,283.0,326.0,350.0,91.0,91.0,91.0,324.0,324.0,324.0,324.0,351.0,351.0,351.0,351.0,39.0,39.0,323.0,323.0,39.0,225.0,225.0,4.0,4.0,308.0,308.0,308.0,347.0,347.0,298.0,176.0,176.0,326.0,337.0,337.0,337.0,337.0,337.0,62.0,62.0,62.0,62.0,62.0,62.0,23.0,23.0,184.0,184.0,264.0,262.0,206.3333333333333,302.6666666666667,339.0,317.0,317.0,317.0,317.0,317.0,317.0,317.0,317.0,339.0,290.0,339.0,290.0,290.0,359.0,359.0,359.0,285.0,295.0,305.0,305.0,305.0,339.0,72.0,314.0,314.0,314.0,277.0,270.0,325.0,9.0,9.0,325.0,325.0,63.0,17.0,197.0,298.0,298.0,283.0,278.0,48.0,153.0,153.0,153.0,153.0,264.0,184.0,184.0,278.0,278.0,296.0,296.0,296.0,73.0,73.0,73.0,227.0,227.0,76.0,296.0,296.0,265.0,286.0,200.0,303.0,323.0,171.0,238.0,352.0,262.0,225.0,13.0,270.0,270.0,335.0,335.0,335.0,335.0,170.0,170.0,285.0,285.0,272.0,272.0,272.0,354.0,354.0,354.0,354.0,354.0,354.0,354.0,326.0,326.0,326.0,337.0,337.0,337.0,176.0,176.0,176.0,176.0,176.0,91.0,91.0,91.0,276.0,276.0,298.0,342.0,23.0,23.0,11.0,39.0,45.0,349.0,349.0,312.0,270.0,39.0,177.0,177.0,351.0,351.0,351.0,18.0,354.0,278.0,278.0,153.0,153.0,211.0,6.0,248.0,327.0,138.0,346.0,346.0,203.0,203.0,203.0,203.0,71.0,71.0,71.0,247.0,247.0,247.0,303.0,303.0,303.0,219.0,143.0,143.0,143.0,269.0,239.0,239.0,249.0,309.0,309.0,196.0,196.0,196.0,245.0,214.0,287.0,287.0,183.0,214.0,287.0,287.0,287.0,225.0,0.0,0.0,315.0,295.0,295.0,295.0,298.0,298.0,298.0,298.0,359.0,359.0,359.0,359.0,359.0,88.0,88.0,88.0,201.0,352.0,352.0,190.0,320.0,320.0,320.0,266.0,329.0,354.0,329.0,326.0,326.0,198.0,264.0,324.0,343.0,343.0,343.0,101.0,101.0,267.0,267.0,337.0,337.0,351.0,352.0,60.0,60.0,60.0,6.0,293.0,293.0,293.0,272.0,343.0,343.0,343.0,65.0,65.0,65.0,321.0,321.0,338.0,338.0,338.0,338.0,338.0,338.0,117.0,117.0,0.0,0.0,79.0,20.0,184.0,149.0,168.0,159.0,315.0,211.0,211.0,284.0,227.0,248.0,53.0,261.0,261.0,315.0,292.0,332.0,151.0,151.0,193.0,312.0,335.0,350.0,247.0,281.0,295.0,278.0,211.0,326.0,343.0,231.0,31.0,4.0,184.0,329.0,332.0,206.3333333333333,206.3333333333333,302.6666666666667,298.0,17.0,298.0,170.0,270.0,234.0,304.0,200.3333333333333,286.0,33.0,33.0,33.0,195.0,197.0,278.0
2018,1,30,21,WIN_D_INST,290.0,205.3333333333333,319.0,290.0,205.3333333333333,247.0,247.0,247.0,300.0,300.0,300.0,300.0,319.0,319.0,319.0,319.0,235.0,235.0,321.0,321.0,235.0,62.0,62.0,260.0,260.0,326.0,326.0,326.0,6.0,6.0,0.0,91.0,91.0,275.0,261.0,261.0,261.0,261.0,261.0,93.0,93.0,93.0,93.0,93.0,93.0,343.0,343.0,169.0,169.0,359.0,262.0,328.0,332.0,290.0,227.0,227.0,227.0,227.0,227.0,227.0,227.0,227.0,334.0,316.0,334.0,316.0,316.0,60.0,60.0,60.0,235.0,319.0,302.0,302.0,302.0,334.0,64.0,295.0,295.0,295.0,288.0,281.0,311.0,308.0,308.0,311.0,311.0,354.0,337.0,301.0,304.0,304.0,332.0,253.0,30.0,118.0,118.0,118.0,118.0,199.0,247.3333333333333,247.3333333333333,261.0,261.0,293.0,293.0,293.0,70.0,70.0,70.0,79.0,79.0,287.0,323.0,323.0,221.0,272.0,267.0,224.0,281.0,172.0,251.0,312.0,242.0,346.0,145.0,65.0,65.0,295.0,295.0,295.0,295.0,326.0,326.0,270.0,270.0,82.0,82.0,82.0,357.0,357.0,357.0,357.0,357.0,357.0,357.0,275.0,275.0,275.0,261.0,261.0,261.0,147.0,147.0,147.0,147.0,147.0,122.0,122.0,122.0,278.0,278.0,203.0,192.0,266.0,266.0,133.0,343.0,204.0,57.0,57.0,115.0,329.0,107.0,110.0,110.0,37.0,37.0,37.0,191.0,281.0,245.0,245.0,210.0,210.0,296.0,304.0,48.0,346.0,194.0,281.0,281.0,226.0,226.0,226.0,226.0,221.0,221.0,221.0,230.0,230.0,230.0,312.0,312.0,312.0,200.0,245.0,245.0,245.0,303.0,245.0,245.0,40.0,103.0,103.0,209.0,209.0,209.0,349.0,250.0,262.0,262.0,323.0,211.0,129.0,129.0,129.0,242.0,326.0,326.0,14.0,356.0,356.0,356.0,295.0,295.0,295.0,295.0,230.3333333333333,230.3333333333333,230.3333333333333,230.3333333333333,230.3333333333333,340.0,340.0,340.0,261.0,3.0,3.0,221.0,351.0,351.0,351.0,320.0,309.0,335.0,309.0,329.0,329.0,108.0,238.0,261.0,343.0,343.0,343.0,51.0,51.0,158.0,158.0,11.0,11.0,9.0,39.0,125.0,125.0,125.0,31.0,82.0,82.0,82.0,204.0,340.0,340.0,340.0,43.0,43.0,43.0,312.0,312.0,340.0,340.0,340.0,340.0,293.0,293.0,96.0,96.0,320.0,320.0,77.0,135.0,179.0,151.0,165.0,145.0,262.0,296.0,296.0,294.0,128.0,338.0,195.0,261.0,261.0,180.0,14.0,156.0,145.33333333333334,145.33333333333334,224.0,115.0,295.0,205.3333333333333,230.0,73.0,319.0,253.0,296.0,275.0,340.0,10.0,23.0,260.0,247.3333333333333,309.0,304.0,328.0,328.0,332.0,304.0,337.0,304.0,326.0,329.0,208.0,160.0,158.0,272.0,26.0,26.0,26.0,199.0,301.0,253.0
2018,1,31,0,WIN_D_INST,325.0,303.0,273.0,325.0,303.0,272.0,272.0,272.0,296.0,296.0,296.0,296.0,319.0,319.0,319.0,319.0,169.0,169.0,108.0,108.0,169.0,62.0,62.0,45.0,45.0,291.3333333333333,291.3333333333333,291.3333333333333,178.66666666666666,178.66666666666666,196.0,105.0,105.0,136.0,85.0,85.0,85.0,85.0,85.0,79.0,79.0,79.0,79.0,79.0,79.0,113.0,113.0,343.0,343.0,284.0,273.0,292.0,327.0,227.0,230.0,230.0,230.0,230.0,230.0,230.0,230.0,230.0,328.0,8.0,328.0,8.0,8.0,56.0,56.0,56.0,277.0,329.0,313.0,313.0,313.0,328.0,56.0,344.0,344.0,344.0,294.0,223.0,345.0,340.0,340.0,345.0,345.0,348.0,3.0,315.0,284.0,284.0,11.0,273.0,19.0,89.0,89.0,89.0,89.0,238.0,221.0,221.0,198.0,198.0,280.0,280.0,280.0,73.0,73.0,73.0,184.0,184.0,127.0,318.0,318.0,200.0,210.0,304.0,238.0,237.0,66.0,245.0,318.0,332.0,233.0,86.0,264.0,264.0,256.0,256.0,256.0,256.0,315.0,315.0,302.0,302.0,266.0,266.0,266.0,23.0,23.0,23.0,23.0,23.0,23.0,23.0,136.0,136.0,136.0,85.0,85.0,85.0,136.0,136.0,136.0,136.0,136.0,111.0,111.0,111.0,259.0,259.0,11.0,3.0,207.0,207.0,123.0,0.0,149.0,337.0,337.0,79.0,250.3333333333333,138.0,340.0,340.0,11.0,11.0,11.0,152.0,284.0,236.0,236.0,291.0,291.0,246.0,329.0,65.0,48.0,124.0,306.0,306.0,339.0,339.0,339.0,339.0,31.0,31.0,31.0,228.0,228.0,228.0,258.0,258.0,258.0,323.0,214.0,214.0,214.0,278.0,245.0,245.0,40.0,213.0,213.0,206.0,206.0,206.0,281.0,278.0,250.0,250.0,293.0,245.0,101.0,101.0,101.0,197.0,308.0,308.0,290.0,13.0,13.0,13.0,281.0,281.0,281.0,281.0,209.3333333333333,209.3333333333333,209.3333333333333,209.3333333333333,209.3333333333333,255.0,255.0,255.0,255.0,340.0,340.0,142.0,320.0,320.0,320.0,295.0,315.0,11.0,315.0,326.0,326.0,23.0,235.0,313.0,343.0,343.0,343.0,84.0,84.0,144.0,144.0,357.0,357.0,357.0,340.0,65.0,65.0,65.0,26.0,62.0,62.0,62.0,79.0,320.0,320.0,320.0,213.0,213.0,213.0,217.0,217.0,332.0,332.0,332.0,332.0,287.0,287.0,278.0,278.0,326.0,326.0,100.0,124.0,88.0,199.0,140.0,171.0,287.0,246.0,246.0,144.0,312.0,224.0,198.0,201.0,201.0,203.0,334.0,207.0,248.0,248.0,227.0,79.0,256.0,303.0,228.0,107.0,329.0,273.0,246.0,136.0,320.0,221.0,48.0,45.0,221.0,315.0,265.0,292.0,292.0,327.0,284.0,3.0,284.0,315.0,250.3333333333333,250.0,118.0,112.0,210.0,8.0,8.0,8.0,215.0,315.0,273.0
2018,1,31,3,WIN_D_INST,310.0,328.0,207.0,310.0,328.0,320.0,320.0,320.0,273.0,273.0,273.0,273.0,90.0,90.0,90.0,90.0,204.0,204.0,170.0,170.0,204.0,12.0,12.0,37.0,37.0,13.0,13.0,13.0,147.0,147.0,130.0,349.0,349.0,303.0,349.0,349.0,349.0,349.0,349.0,51.0,51.0,51.0,51.0,51.0,51.0,71.0,71.0,260.0,260.0,288.0,328.0,356.0,320.0,271.0,320.0,320.0,320.0,320.0,320.0,320.0,320.0,320.0,334.0,346.0,334.0,346.0,346.0,353.0,353.0,353.0,296.0,269.0,316.0,316.0,316.0,334.0,51.0,304.0,304.0,304.0,302.0,243.0,329.0,320.0,320.0,329.0,329.0,348.0,0.0,259.0,290.0,290.0,79.0,39.0,12.0,69.0,69.0,69.0,69.0,62.0,122.0,122.0,264.0,264.0,272.0,272.0,272.0,73.0,73.0,73.0,31.0,31.0,143.0,238.0,238.0,248.3333333333333,96.0,332.0,0.0,63.0,168.0,332.0,293.0,319.0,259.0,90.0,284.0,284.0,233.0,233.0,233.0,233.0,173.0,173.0,249.0,249.0,266.0,266.0,266.0,60.0,60.0,60.0,60.0,60.0,60.0,60.0,303.0,303.0,303.0,349.0,349.0,349.0,190.0,190.0,190.0,190.0,190.0,261.0,261.0,261.0,281.0,281.0,70.0,123.0,96.0,96.0,187.0,14.0,62.0,128.0,128.0,174.0,73.0,127.0,135.0,135.0,31.0,31.0,31.0,113.0,205.0,233.0,233.0,276.0,276.0,285.0,110.0,217.0,340.0,135.0,278.0,278.0,348.0,348.0,348.0,348.0,26.0,26.0,26.0,239.0,239.0,239.0,241.0,241.0,241.0,191.0,256.0,256.0,256.0,235.0,250.0,250.0,224.0,170.0,170.0,234.0,234.0,234.0,256.0,276.0,203.0,203.0,214.0,278.0,267.0,267.0,267.0,245.0,255.0,255.0,121.0,289.0,289.0,289.0,300.0,300.0,300.0,300.0,296.0,296.0,296.0,296.0,296.0,264.0,264.0,264.0,74.0,31.0,31.0,142.0,340.0,340.0,340.0,20.0,343.0,37.0,343.0,334.0,334.0,156.0,230.0,292.0,343.0,343.0,343.0,88.0,88.0,349.0,349.0,272.0,272.0,14.0,34.0,349.0,349.0,349.0,6.0,231.0,231.0,231.0,190.0,26.0,26.0,26.0,207.0,207.0,207.0,338.0,338.0,8.0,8.0,8.0,8.0,327.0,327.0,299.0,299.0,343.0,343.0,104.0,71.0,354.0,343.0,162.0,120.0,34.0,285.0,285.0,116.0,10.0,310.0,71.0,244.0,244.0,301.0,9.0,343.0,237.0,237.0,159.0,174.0,233.0,328.0,239.0,225.0,269.0,39.0,285.0,303.0,26.0,196.0,346.0,37.0,122.0,343.0,192.0,356.0,356.0,320.0,290.0,0.0,290.0,173.0,73.0,264.0,217.0,65.0,96.0,347.0,347.0,347.0,354.0,259.0,39.0
2018,1,31,6,WIN_D_INST,147.0,205.0,347.0,147.0,205.0,317.0,317.0,317.0,169.0,169.0,169.0,169.0,170.0,170.0,170.0,170.0,224.0,224.0,203.0,203.0,224.0,328.0,328.0,292.0,292.0,276.0,276.0,276.0,161.0,161.0,150.0,266.0,266.0,23.0,227.0,227.0,227.0,227.0,227.0,318.0,318.0,318.0,318.0,318.0,318.0,357.0,357.0,214.0,214.0,289.0,320.0,261.0,311.0,326.0,249.0,249.0,249.0,249.0,249.0,249.0,249.0,249.0,326.0,336.0,326.0,336.0,336.0,61.0,61.0,61.0,266.0,282.0,304.0,304.0,304.0,326.0,280.0,346.0,346.0,346.0,303.0,280.0,339.0,335.0,335.0,339.0,339.0,328.0,340.0,276.0,287.0,287.0,147.0,231.0,1.0,345.0,345.0,345.0,345.0,342.0,43.0,43.0,298.0,298.0,268.0,268.0,268.0,262.0,262.0,262.0,48.0,48.0,138.0,203.0,203.0,214.0,153.0,267.0,238.0,316.0,273.0,351.0,357.0,9.0,309.0,213.0,262.0,262.0,259.0,259.0,259.0,259.0,238.0,238.0,256.0,256.0,224.0,224.0,224.0,0.0,0.0,0.0,0.0,0.0,0.0,0.0,23.0,23.0,23.0,227.0,227.0,227.0,261.0,261.0,261.0,261.0,261.0,272.0,272.0,272.0,233.0,233.0,236.0,109.0,28.0,28.0,182.0,20.0,72.0,249.0,249.0,76.0,270.0,222.0,205.0,205.0,9.0,9.0,9.0,276.0,3.0,253.0,253.0,115.0,115.0,294.0,146.0,200.0,230.0,129.0,300.0,300.0,270.0,270.0,270.0,270.0,221.0,221.0,221.0,237.0,237.0,237.0,298.0,298.0,298.0,290.0,267.0,267.0,267.0,230.0,248.0,248.0,244.0,207.0,207.0,182.0,182.0,182.0,236.0,290.0,281.0,281.0,323.0,287.0,312.0,312.0,312.0,228.0,242.0,242.0,48.0,81.0,81.0,81.0,258.0,258.0,258.0,258.0,331.0,331.0,331.0,331.0,331.0,210.0,210.0,210.0,156.0,231.0,231.0,244.0,312.0,312.0,312.0,320.0,320.0,11.0,320.0,317.0,317.0,210.0,252.0,351.0,343.0,343.0,343.0,86.0,86.0,200.0,200.0,0.0,0.0,23.0,20.0,252.0,252.0,252.0,0.0,256.0,256.0,256.0,71.0,252.0,252.0,252.0,249.0,249.0,249.0,73.0,73.0,340.0,340.0,340.0,340.0,327.0,327.0,240.0,240.0,292.0,292.0,49.0,184.0,40.0,30.0,21.0,352.0,318.0,294.0,294.0,166.0,122.0,171.0,6.0,309.0,309.0,309.0,232.0,326.0,137.0,137.0,0.0,76.0,259.0,205.0,237.0,245.0,282.0,231.0,294.0,23.0,252.0,182.0,143.0,292.0,43.0,320.0,298.0,261.0,261.0,311.0,287.0,340.0,287.0,238.0,270.0,315.0,301.0,0.0,153.0,334.0,334.0,334.0,266.0,276.0,231.0
2018,1,31,9,WIN_D_INST,172.0,201.0,128.0,172.0,201.0,289.0,289.0,289.0,155.0,155.0,155.0,155.0,168.0,168.0,168.0,168.0,211.0,211.0,223.0,223.0,211.0,253.0,253.0,237.0,237.0,240.0,240.0,240.0,202.0,202.0,227.0,292.0,292.0,153.0,82.0,82.0,82.0,82.0,82.0,39.0,39.0,39.0,39.0,39.0,39.0,9.0,9.0,244.0,244.0,260.0,267.0,286.0,246.0,19.0,221.0,221.0,221.0,221.0,221.0,221.0,221.0,221.0,316.0,334.0,316.0,334.0,334.0,20.0,20.0,20.0,280.0,300.0,305.0,305.0,305.0,316.0,23.0,322.0,322.0,322.0,320.0,319.0,58.0,300.0,300.0,58.0,58.0,335.0,329.0,295.0,188.0,188.0,232.0,253.0,49.0,195.0,195.0,195.0,195.0,16.0,292.0,292.0,258.0,258.0,264.0,264.0,264.0,250.0,250.0,250.0,51.0,51.0,155.0,113.0,113.0,186.0,232.0,276.0,235.0,262.0,266.0,6.0,338.0,328.0,352.0,226.0,256.0,256.0,256.0,256.0,256.0,256.0,255.0,255.0,249.0,249.0,272.0,272.0,272.0,14.0,14.0,14.0,14.0,14.0,14.0,14.0,153.0,153.0,153.0,82.0,82.0,82.0,264.0,264.0,264.0,264.0,264.0,252.0,252.0,252.0,253.0,253.0,222.0,131.0,48.0,48.0,198.0,25.0,28.0,275.0,275.0,87.0,248.0,188.0,219.0,219.0,357.0,357.0,357.0,330.0,242.0,242.0,242.0,112.0,112.0,286.0,349.0,197.0,229.0,225.0,337.0,337.0,293.0,293.0,293.0,293.0,247.0,247.0,247.0,245.0,245.0,245.0,332.0,332.0,332.0,354.0,287.0,287.0,287.0,255.0,245.0,245.0,125.0,153.0,153.0,268.0,268.0,268.0,197.0,270.0,273.0,273.0,149.0,270.0,152.0,152.0,152.0,180.0,129.0,129.0,48.0,113.0,113.0,113.0,232.0,232.0,232.0,232.0,345.0,345.0,345.0,345.0,345.0,167.0,167.0,167.0,130.0,191.0,191.0,207.0,312.0,312.0,312.0,312.0,300.0,338.0,300.0,312.0,312.0,306.0,266.0,346.0,343.0,343.0,343.0,136.0,136.0,338.0,338.0,57.0,57.0,3.0,0.0,295.0,295.0,295.0,68.0,93.0,93.0,93.0,281.0,224.0,224.0,224.0,71.0,71.0,71.0,304.0,304.0,180.0,180.0,180.0,180.0,62.0,62.0,295.0,295.0,65.0,65.0,72.0,323.0,43.0,66.0,12.0,336.0,301.0,286.0,286.0,174.0,45.0,238.0,341.0,309.0,309.0,298.0,320.0,334.0,310.0,310.0,210.0,87.0,256.0,201.0,245.0,239.0,300.0,253.0,286.0,153.0,224.0,289.0,121.0,237.0,292.0,300.0,282.0,286.0,286.0,246.0,188.0,329.0,188.0,255.0,248.0,81.0,138.0,331.0,232.0,5.0,5.0,5.0,329.0,295.0,253.0
2018,1,31,12,WIN_D_INST,184.0,147.0,111.0,184.0,147.0,213.0,213.0,213.0,317.0,317.0,317.0,317.0,135.0,135.0,135.0,135.0,214.0,214.0,316.0,316.0,214.0,19.0,19.0,242.0,242.0,172.0,172.0,172.0,217.0,217.0,309.0,79.0,79.0,122.0,79.0,79.0,79.0,79.0,79.0,155.0,155.0,155.0,155.0,155.0,155.0,119.0,119.0,261.0,261.0,263.0,258.0,267.0,233.0,260.0,315.0,315.0,315.0,315.0,315.0,315.0,315.0,315.0,339.0,336.0,339.0,336.0,336.0,279.0,279.0,279.0,277.0,284.0,337.0,337.0,337.0,339.0,0.0,342.0,342.0,342.0,343.0,326.0,340.0,4.0,4.0,340.0,340.0,317.0,40.0,301.0,248.0,248.0,305.3333333333333,221.0,36.0,171.0,171.0,171.0,171.0,232.0,26.0,26.0,309.0,309.0,288.0,288.0,288.0,127.0,127.0,127.0,252.0,252.0,236.0,150.0,150.0,195.3333333333333,102.0,214.66666666666663,255.0,221.0,244.0,356.0,132.0,190.0,209.3333333333333,271.0,250.0,250.0,197.0,197.0,197.0,197.0,196.0,196.0,266.0,266.0,54.0,54.0,54.0,125.0,125.0,125.0,125.0,125.0,125.0,125.0,122.0,122.0,122.0,79.0,79.0,79.0,164.0,164.0,164.0,164.0,164.0,150.0,150.0,150.0,273.0,273.0,256.0,124.0,298.0,298.0,335.0,39.0,52.0,26.0,26.0,117.33333333333331,141.0,211.0,143.0,143.0,102.0,102.0,102.0,319.0,42.0,158.0,158.0,285.0,285.0,280.0,343.0,326.0,265.0,82.0,111.0,111.0,337.0,337.0,337.0,337.0,34.0,34.0,34.0,202.0,202.0,202.0,170.0,170.0,170.0,135.0,245.0,245.0,245.0,181.0,256.0,256.0,0.0,119.0,119.0,251.0,251.0,251.0,194.0,273.0,217.0,217.0,158.0,205.0,115.0,115.0,115.0,245.0,41.0,41.0,51.0,129.0,129.0,129.0,289.0,289.0,289.0,289.0,326.0,326.0,326.0,326.0,326.0,241.0,241.0,241.0,232.0,177.0,177.0,232.0,221.0,221.0,221.0,128.0,300.0,42.0,300.0,244.0,244.0,68.0,235.0,83.0,343.0,343.0,343.0,133.0,133.0,7.0,7.0,14.0,14.0,37.0,8.0,295.0,295.0,295.0,195.66666666666663,259.0,259.0,259.0,221.0,261.0,261.0,261.0,85.0,85.0,85.0,233.0,233.0,172.0,172.0,172.0,172.0,108.0,108.0,172.0,172.0,85.0,85.0,59.0,24.0,190.0,167.0,86.0,272.0,295.0,280.0,280.0,197.0,198.0,97.0,203.0,249.0,249.0,172.0,312.0,198.0,320.0,320.0,167.0,117.33333333333331,197.0,147.0,202.0,174.0,284.0,221.0,280.0,122.0,261.0,282.0,329.0,242.0,26.0,300.0,261.0,267.0,267.0,233.0,248.0,40.0,248.0,196.0,141.0,100.0,65.0,137.0,102.0,82.0,82.0,82.0,108.0,301.0,221.0
2018,1,31,15,WIN_D_INST,237.0,214.0,49.0,237.0,214.0,193.0,193.0,193.0,331.0,331.0,331.0,331.0,291.0,291.0,291.0,291.0,256.0,256.0,59.0,59.0,256.0,127.0,127.0,212.0,212.0,179.0,179.0,179.0,124.66666666666669,124.66666666666669,181.0,88.0,88.0,136.0,65.0,65.0,65.0,65.0,65.0,149.0,149.0,149.0,149.0,149.0,149.0,167.0,167.0,237.0,237.0,279.0,267.0,235.0,225.0,257.0,247.0,247.0,247.0,247.0,247.0,247.0,247.0,247.0,23.0,291.0,23.0,291.0,291.0,17.0,17.0,17.0,304.0,269.0,315.0,315.0,315.0,23.0,196.0,338.0,338.0,338.0,12.0,136.0,353.0,1.0,1.0,353.0,353.0,338.0,0.0,141.0,205.0,205.0,349.0,194.0,39.66666666666666,61.0,61.0,61.0,61.0,222.66666666666663,326.0,326.0,289.0,289.0,280.0,280.0,280.0,146.0,146.0,146.0,79.0,79.0,290.0,251.0,251.0,202.0,116.0,197.0,334.0,235.0,87.0,346.0,174.0,203.66666666666663,178.0,301.0,6.0,6.0,174.0,174.0,174.0,174.0,221.0,221.0,261.0,261.0,244.0,244.0,244.0,170.0,170.0,170.0,170.0,170.0,170.0,170.0,136.0,136.0,136.0,65.0,65.0,65.0,156.0,156.0,156.0,156.0,156.0,125.0,125.0,125.0,253.0,253.0,239.0,345.0,23.0,23.0,7.0,349.0,337.0,317.0,317.0,155.0,236.0,172.0,188.0,188.0,179.0,179.0,179.0,334.0,262.0,174.0,174.0,284.0,284.0,291.0,301.0,23.0,341.0,124.0,292.0,292.0,56.0,56.0,56.0,56.0,275.0,275.0,275.0,181.0,181.0,181.0,77.0,77.0,77.0,109.66666666666669,42.0,42.0,42.0,150.0,293.0,293.0,278.0,150.0,150.0,197.0,197.0,197.0,354.0,295.0,228.0,228.0,315.0,225.0,259.6666666666667,259.6666666666667,259.6666666666667,191.0,26.0,26.0,113.0,286.0,286.0,286.0,232.0,232.0,232.0,232.0,269.0,269.0,269.0,269.0,269.0,213.0,213.0,213.0,244.0,194.0,194.0,232.0,204.0,204.0,204.0,201.0,241.0,86.33333333333333,241.0,207.0,207.0,94.0,235.0,203.0,343.0,343.0,343.0,276.0,276.0,0.0,0.0,54.0,54.0,37.0,23.0,312.0,312.0,312.0,196.66666666666663,146.33333333333334,146.33333333333334,146.33333333333334,116.0,170.0,170.0,170.0,65.0,65.0,65.0,183.0,183.0,318.0,318.0,318.0,318.0,126.0,126.0,296.0,296.0,142.0,142.0,89.0,352.0,111.0,225.0,135.0,201.0,287.0,291.0,291.0,81.0,77.0,284.0,179.0,232.0,232.0,166.0,286.0,150.0,321.0,321.0,130.0,155.0,174.0,214.0,181.0,163.0,269.0,194.0,291.0,136.0,170.0,192.0,340.0,212.0,326.0,241.0,215.0,235.0,235.0,225.0,205.0,0.0,205.0,221.0,236.0,201.0,143.0,158.0,116.0,74.0,74.0,74.0,157.0,141.0,194.0
2018,1,31,18,WIN_D_INST,154.0,333.0,289.0,154.0,333.0,79.0,79.0,79.0,8.0,8.0,8.0,8.0,296.0,296.0,296.0,296.0,117.0,117.0,265.0,265.0,117.0,6.0,6.0,256.0,256.0,183.0,183.0,183.0,108.0,108.0,45.0,125.0,125.0,147.0,79.0,79.0,79.0,79.0,79.0,169.0,169.0,169.0,169.0,169.0,169.0,343.0,343.0,204.0,204.0,278.0,244.0,255.0,212.0,198.66666666666663,217.3333333333333,217.3333333333333,217.3333333333333,217.3333333333333,217.3333333333333,217.3333333333333,217.3333333333333,217.3333333333333,347.0,324.0,347.0,324.0,324.0,331.0,331.0,331.0,293.0,256.0,319.0,319.0,319.0,347.0,185.0,353.0,353.0,353.0,132.0,36.0,17.0,347.0,347.0,17.0,17.0,12.0,190.0,96.0,143.0,143.0,128.0,301.0,77.0,150.0,150.0,150.0,150.0,261.0,311.6666666666667,311.6666666666667,244.0,244.0,300.0,300.0,300.0,141.0,141.0,141.0,88.0,88.0,143.0,356.0,356.0,138.33333333333334,119.0,166.0,255.0,231.0,109.0,270.0,121.0,208.0,177.0,76.0,28.0,28.0,121.0,121.0,121.0,121.0,207.0,207.0,44.0,44.0,9.0,9.0,9.0,153.0,153.0,153.0,153.0,153.0,153.0,153.0,147.0,147.0,147.0,79.0,79.0,79.0,306.0,306.0,306.0,306.0,306.0,283.0,283.0,283.0,276.0,276.0,273.0,316.0,129.66666666666666,129.66666666666666,348.0,354.0,65.0,309.0,309.0,158.0,242.0,191.0,197.0,197.0,190.0,190.0,190.0,286.0,304.0,79.0,79.0,80.0,80.0,264.0,287.0,14.0,295.0,96.0,57.0,57.0,139.0,139.0,139.0,139.0,354.0,354.0,354.0,108.0,108.0,108.0,340.0,340.0,340.0,53.0,160.0,160.0,160.0,150.0,278.0,278.0,258.0,184.0,184.0,218.0,218.0,218.0,270.0,166.66666666666666,188.0,188.0,188.0,200.0,318.0,318.0,318.0,191.0,26.0,26.0,124.0,255.0,255.0,255.0,210.0,210.0,210.0,210.0,229.0,229.0,229.0,229.0,229.0,88.0,88.0,88.0,230.0,138.0,138.0,227.0,215.0,215.0,215.0,105.0,292.0,200.0,292.0,213.0,213.0,96.0,159.0,232.0,343.0,343.0,343.0,276.0,276.0,0.0,0.0,62.0,62.0,9.0,14.0,343.0,343.0,343.0,298.0,59.0,59.0,59.0,125.0,217.3333333333333,217.3333333333333,217.3333333333333,74.0,74.0,74.0,124.0,124.0,135.0,135.0,135.0,135.0,122.0,122.0,89.0,89.0,113.0,113.0,92.0,129.0,116.0,230.0,183.0,109.0,221.0,264.0,264.0,6.0,349.0,32.0,199.0,272.0,272.0,183.0,264.0,198.0,150.0,150.0,68.0,158.0,121.0,333.0,108.0,115.0,256.0,301.0,264.0,147.0,217.3333333333333,220.0,357.0,256.0,311.6666666666667,292.0,202.0,255.0,255.0,212.0,143.0,190.0,143.0,207.0,242.0,201.0,146.0,104.0,119.0,57.0,57.0,57.0,175.0,96.0,301.0
2018,1,31,21,WIN_D_INST,306.0,316.0,307.0,306.0,316.0,108.0,108.0,108.0,10.0,10.0,10.0,10.0,339.0,339.0,339.0,339.0,91.0,91.0,312.0,312.0,91.0,351.0,351.0,240.0,240.0,178.0,178.0,178.0,135.0,135.0,218.0,79.0,79.0,136.0,79.0,79.0,79.0,79.0,79.0,172.0,172.0,172.0,172.0,172.0,172.0,133.0,133.0,228.0,228.0,285.0,294.0,225.0,251.0,161.0,224.0,224.0,224.0,224.0,224.0,224.0,224.0,224.0,302.0,309.0,302.0,309.0,309.0,303.0,303.0,303.0,249.0,298.0,309.0,309.0,309.0,302.0,176.0,347.0,347.0,347.0,79.0,46.0,337.0,350.0,350.0,337.0,337.0,354.0,26.0,42.0,141.0,141.0,51.0,250.0,98.66666666666669,129.0,129.0,129.0,129.0,175.0,357.0,357.0,281.0,281.0,344.0,344.0,344.0,132.0,132.0,132.0,94.0,94.0,87.0,12.0,12.0,19.0,125.0,141.0,243.66666666666663,311.0,110.0,262.0,121.0,291.0,135.0,89.0,34.0,34.0,174.0,174.0,174.0,174.0,346.0,346.0,15.0,15.0,283.0,283.0,283.0,119.0,119.0,119.0,119.0,119.0,119.0,119.0,136.0,136.0,136.0,79.0,79.0,79.0,71.0,71.0,71.0,71.0,71.0,179.0,179.0,179.0,284.0,284.0,273.0,324.0,155.33333333333334,155.33333333333334,315.0,17.0,44.0,326.0,326.0,115.0,104.0,11.0,352.0,352.0,0.0,0.0,0.0,260.0,332.0,93.0,93.0,163.0,163.0,236.0,315.0,51.0,0.0,143.0,125.0,125.0,16.0,16.0,16.0,16.0,315.0,315.0,315.0,63.0,63.0,63.0,96.0,96.0,96.0,141.0,250.0,250.0,250.0,264.0,236.0,236.0,218.0,150.0,150.0,222.0,222.0,222.0,284.0,212.66666666666663,203.0,203.0,155.0,177.0,346.0,346.0,346.0,156.33333333333334,13.0,13.0,318.0,290.0,290.0,290.0,125.0,125.0,125.0,125.0,149.0,149.0,149.0,149.0,149.0,11.0,11.0,11.0,252.0,115.0,115.0,292.0,312.0,312.0,312.0,232.0,74.0,17.0,74.0,266.0,266.0,14.0,91.0,206.0,343.0,343.0,343.0,85.0,85.0,360.0,360.0,85.0,85.0,0.0,20.0,184.0,184.0,184.0,43.0,121.0,121.0,121.0,300.0,264.0,264.0,264.0,43.0,43.0,43.0,329.0,329.0,166.0,166.0,166.0,166.0,114.0,114.0,43.0,43.0,116.0,116.0,293.0,93.0,196.0,220.0,141.0,274.0,278.0,236.0,236.0,39.0,273.0,297.0,180.0,278.0,278.0,214.0,309.0,201.0,48.0,48.0,215.0,115.0,174.0,316.0,63.0,124.0,298.0,250.0,236.0,136.0,264.0,213.0,335.0,240.0,357.0,74.0,251.0,225.0,225.0,251.0,141.0,26.0,141.0,346.0,104.0,185.0,138.0,132.0,125.0,188.0,188.0,188.0,151.0,42.0,250.0
